0 1
1.000000000000000000e+00
0.000000000000000000e+00
0.000000000000000000e+00
1.000000000000000000e+00
-1.000000000000000000e+00
0.000000000000000000e+00
0.000000000000000000e+00
-1.000000000000000000e+00
0.0 1
1.000000000000000000e+00
1.372033759818311882e-01
0.000000000000000000e+00
1.000000000000000000e+00
-1.000000000000000000e+00
0.000000000000000000e+00
0.000000000000000000e+00
-1.000000000000000000e+00
0.0 1
1.000000000000000000e+00
1.372033759818311882e-01
0.000000000000000000e+00
1.000000000000000000e+00
-1.000000000000000000e+00
0.000000000000000000e+00
0.000000000000000000e+00
-1.000000000000000000e+00
0.0 1
1.000000000000000000e+00
1.372033759818311882e-01
0.000000000000000000e+00
1.000000000000000000e+00
-1.000000000000000000e+00
0.000000000000000000e+00
0.000000000000000000e+00
-1.000000000000000000e+00
0.5 1
9.986279891072966652e-01
2.743998918520311747e-01
-1.372033759818311882e-01
1.000000000000000000e+00
-1.000000000000000000e+00
-1.372033759818311882e-01
1.372033759818311882e-01
-1.000000000000000000e+00
1.0 1
9.958841045218359556e-01
4.115758280733429753e-01
-2.743998918520311747e-01
9.986279891072967763e-01
-9.986279891072967763e-01
-2.743998918520311747e-01
2.743998918520311747e-01
-9.986279891072967763e-01
1.0 1
9.958841045218359556e-01
4.115758280733429753e-01
-2.743998918520311747e-01
9.986279891072967763e-01
-9.986279891072967763e-01
-2.743998918520311747e-01
2.743998918520311747e-01
-9.986279891072967763e-01
1.0 1
9.958841045218359556e-01
4.115758280733429753e-01
-2.743998918520311747e-01
9.986279891072967763e-01
-9.986279891072967763e-01
-2.743998918520311747e-01
2.743998918520311747e-01
-9.986279891072967763e-01
1.5 1
9.917686206297898766e-01
5.487174671664574177e-01
-4.115758280733429753e-01
9.958841045218361776e-01
-9.958841045218361776e-01
-4.115758280733429753e-01
4.115758280733429753e-01
-9.958841045218361776e-01
2.0 1
9.862819489761179836e-01
6.858110950817494222e-01
-5.487174671664574177e-01
9.917686206297902096e-01
-9.917686206297902096e-01
-5.487174671664574177e-01
5.487174671664574177e-01
-9.917686206297902096e-01
2.0 1
9.862819489761179836e-01
6.858110950817494222e-01
-5.487174671664574177e-01
9.917686206297902096e-01
-9.917686206297902096e-01
-5.487174671664574177e-01
5.487174671664574177e-01
-9.917686206297902096e-01
2.0 1
9.862819489761179836e-01
6.858110950817494222e-01
-5.487174671664574177e-01
9.917686206297902096e-01
-9.917686206297902096e-01
-5.487174671664574177e-01
5.487174671664574177e-01
-9.917686206297902096e-01
2.5 1
9.794246382234135240e-01
8.228430025706717776e-01
-6.858110950817494222e-01
9.862819489761184277e-01
-9.862819489761185388e-01
-6.858110950817494222e-01
6.858110950817494222e-01
-9.862819489761185388e-01
3.0 1
9.711973740970373248e-01
9.597994865566684686e-01
-8.228430025706717776e-01
9.794246382234140791e-01
-9.794246382234143011e-01
-8.228430025706717776e-01
8.228430025706717776e-01
-9.794246382234143011e-01
3.0 1
9.711973740970373248e-01
9.597994865566684686e-01
-8.228430025706717776e-01
9.794246382234140791e-01
-9.794246382234143011e-01
-8.228430025706717776e-01
8.228430025706717776e-01
-9.794246382234143011e-01
3.0 1
9.711973740970373248e-01
9.597994865566684686e-01
-8.228430025706717776e-01
9.794246382234140791e-01
-9.794246382234143011e-01
-8.228430025706717776e-01
8.228430025706717776e-01
-9.794246382234143011e-01
3.5 1
9.616009793165459785e-01
1.096666851505470941e+00
-9.597994865566685796e-01
9.711973740970381019e-01
-9.711973740970383240e-01
-9.597994865566685796e-01
9.597994865566685796e-01
-9.711973740970383240e-01
4.0 1
9.506364135134206528e-01
1.233431410794640026e+00
-1.096666851505471163e+00
9.616009793165469777e-01
-9.616009793165471997e-01
-1.096666851505471163e+00
1.096666851505471163e+00
-9.616009793165471997e-01
4.0 1
9.506364135134206528e-01
1.233431410794640026e+00
-1.096666851505471163e+00
9.616009793165469777e-01
-9.616009793165471997e-01
-1.096666851505471163e+00
1.096666851505471163e+00
-9.616009793165471997e-01
4.0 1
9.506364135134206528e-01
1.233431410794640026e+00
-1.096666851505471163e+00
9.616009793165469777e-01
-9.616009793165471997e-01
-1.096666851505471163e+00
1.096666851505471163e+00
-9.616009793165471997e-01
4.5 1
9.383047731351044085e-01
1.370079488082216912e+00
-1.233431410794640248e+00
9.506364135134218740e-01
-9.506364135134220961e-01
-1.233431410794640248e+00
1.233431410794640248e+00
-9.506364135134220961e-01
5.0 1
9.246072913353587941e-01
1.506597418674346045e+00
-1.370079488082217356e+00
9.383047731351059628e-01
-9.383047731351061849e-01
-1.370079488082217356e+00
1.370079488082217356e+00
-9.383047731351061849e-01
5.0 1
9.246072913353587941e-01
1.506597418674346045e+00
-1.370079488082217356e+00
9.383047731351059628e-01
-9.383047731351061849e-01
-1.370079488082217356e+00
1.370079488082217356e+00
-9.383047731351061849e-01
5.0 1
9.246072913353587941e-01
1.506597418674346045e+00
-1.370079488082217356e+00
9.383047731351059628e-01
-9.383047731351061849e-01
-1.370079488082217356e+00
1.370079488082217356e+00
-9.383047731351061849e-01
5.5 1
9.095453378509493758e-01
1.642971550891732635e+00
-1.506597418674346489e+00
9.246072913353606815e-01
-9.246072913353609035e-01
-1.506597418674346489e+00
1.506597418674346489e+00
-9.246072913353609035e-01
6.0 1
8.931204188646728603e-01
1.779188247434799530e+00
-1.642971550891733079e+00
9.095453378509515963e-01
-9.095453378509518183e-01
-1.642971550891733079e+00
1.642971550891733079e+00
-9.095453378509518183e-01
6.0 1
8.931204188646728603e-01
1.779188247434799530e+00
-1.642971550891733079e+00
9.095453378509515963e-01
-9.095453378509518183e-01
-1.642971550891733079e+00
1.642971550891733079e+00
-9.095453378509518183e-01
6.0 1
8.931204188646728603e-01
1.779188247434799530e+00
-1.642971550891733079e+00
9.095453378509515963e-01
-9.095453378509518183e-01
-1.642971550891733079e+00
1.642971550891733079e+00
-9.095453378509518183e-01
6.5 1
8.753341768547405755e-01
1.915233886747406133e+00
-1.779188247434799974e+00
8.931204188646754139e-01
-8.931204188646756359e-01
-1.779188247434799974e+00
1.779188247434799974e+00
-8.931204188646756359e-01
7.0 1
8.561883904305316317e-01
2.051094864378991911e+00
-1.915233886747406578e+00
8.753341768547434620e-01
-8.753341768547436841e-01
-1.915233886747406578e+00
1.915233886747406578e+00
-8.753341768547436841e-01
7.0 1
8.561883904305316317e-01
2.051094864378991911e+00
-1.915233886747406578e+00
8.753341768547434620e-01
-8.753341768547436841e-01
-1.915233886747406578e+00
1.915233886747406578e+00
-8.753341768547436841e-01
7.0 1
8.561883904305316317e-01
2.051094864378991911e+00
-1.915233886747406578e+00
8.753341768547434620e-01
-8.753341768547436841e-01
-1.915233886747406578e+00
1.915233886747406578e+00
-8.753341768547436841e-01
7.5 1
8.356849741547336397e-01
2.186757594345011046e+00
-2.051094864378992799e+00
8.561883904305349624e-01
-8.561883904305351844e-01
-2.051094864378992799e+00
2.051094864378992799e+00
-8.561883904305351844e-01
8.0 1
8.138259783518881907e-01
2.322208510485519017e+00
-2.186757594345012379e+00
8.356849741547375254e-01
-8.356849741547377475e-01
-2.186757594345012379e+00
2.186757594345012379e+00
-8.356849741547377475e-01
8.0 1
8.138259783518881907e-01
2.322208510485519017e+00
-2.186757594345012379e+00
8.356849741547375254e-01
-8.356849741547377475e-01
-2.186757594345012379e+00
2.186757594345012379e+00
-8.356849741547377475e-01
8.0 1
8.138259783518881907e-01
2.322208510485519017e+00
-2.186757594345012379e+00
8.356849741547375254e-01
-8.356849741547377475e-01
-2.186757594345012379e+00
2.186757594345012379e+00
-8.356849741547377475e-01
8.5 1
7.906135889033597541e-01
2.457434067821776758e+00
-2.322208510485520350e+00
8.138259783518925206e-01
-8.138259783518927426e-01
-2.322208510485520350e+00
2.322208510485520350e+00
-8.138259783518927426e-01
9.0 1
7.660501270287495279e-01
2.592420743910738512e+00
-2.457434067821778534e+00
7.906135889033645281e-01
-7.906135889033647501e-01
-2.457434067821778534e+00
2.457434067821778534e+00
-7.906135889033647501e-01
9.0 1
7.660501270287495279e-01
2.592420743910738512e+00
-2.457434067821778534e+00
7.906135889033645281e-01
-7.906135889033647501e-01
-2.457434067821778534e+00
2.457434067821778534e+00
-7.906135889033647501e-01
9.0 1
7.660501270287495279e-01
2.592420743910738512e+00
-2.457434067821778534e+00
7.906135889033645281e-01
-7.906135889033647501e-01
-2.457434067821778534e+00
2.457434067821778534e+00
-7.906135889033647501e-01
9.5 1
7.401380490537755596e-01
2.727155040197283942e+00
-2.592420743910740288e+00
7.660501270287548570e-01
-7.660501270287550790e-01
-2.592420743910740288e+00
2.592420743910740288e+00
-7.660501270287550790e-01
10.0 1
7.128799461646420088e-01
2.861623483364062359e+00
-2.727155040197285718e+00
7.401380490537814438e-01
-7.401380490537816659e-01
-2.727155040197285718e+00
2.727155040197285718e+00
-7.401380490537816659e-01
10.0 1
7.128799461646420088e-01
2.861623483364062359e+00
-2.727155040197285718e+00
7.401380490537814438e-01
-7.401380490537816659e-01
-2.727155040197285718e+00
2.727155040197285718e+00
-7.401380490537816659e-01
10.0 1
7.128799461646420088e-01
2.861623483364062359e+00
-2.727155040197285718e+00
7.401380490537814438e-01
-7.401380490537816659e-01
-2.727155040197285718e+00
2.727155040197285718e+00
-7.401380490537816659e-01
10.5 1
6.842785441489227516e-01
2.995812626678814095e+00
-2.861623483364064136e+00
7.128799461646484481e-01
-7.128799461646486701e-01
-2.861623483364064136e+00
2.861623483364064136e+00
-7.128799461646486701e-01
11.0 1
6.543367031229848640e-01
3.129709051339031323e+00
-2.995812626678815871e+00
6.842785441489297460e-01
-6.842785441489300791e-01
-2.995812626678815871e+00
2.995812626678815871e+00
-6.842785441489300791e-01
11.0 1
6.543367031229848640e-01
3.129709051339031323e+00
-2.995812626678815871e+00
6.842785441489297460e-01
-6.842785441489300791e-01
-2.995812626678815871e+00
2.995812626678815871e+00
-6.842785441489300791e-01
11.0 1
6.543367031229848640e-01
3.129709051339031323e+00
-2.995812626678815871e+00
6.842785441489297460e-01
-6.842785441489300791e-01
-2.995812626678815871e+00
2.995812626678815871e+00
-6.842785441489300791e-01
11.5 1
6.230574172459796278e-01
3.263299367813827789e+00
-3.129709051339033099e+00
6.543367031229925246e-01
-6.543367031229928577e-01
-3.129709051339033099e+00
3.129709051339033099e+00
-6.543367031229929687e-01
12.0 1
5.904438144204287031e-01
3.396570217182881102e+00
-3.263299367813830010e+00
6.230574172459879545e-01
-6.230574172459882876e-01
-3.263299367813830010e+00
3.263299367813830010e+00
-6.230574172459883986e-01
12.0 1
5.904438144204287031e-01
3.396570217182881102e+00
-3.263299367813830010e+00
6.230574172459879545e-01
-6.230574172459882876e-01
-3.263299367813830010e+00
3.263299367813830010e+00
-6.230574172459883986e-01
12.0 1
5.904438144204287031e-01
3.396570217182881102e+00
-3.263299367813830010e+00
6.230574172459879545e-01
-6.230574172459882876e-01
-3.263299367813830010e+00
3.263299367813830010e+00
-6.230574172459883986e-01
12.5 1
5.564991559794367770e-01
3.529508272472313468e+00
-3.396570217182883766e+00
5.904438144204376959e-01
-5.904438144204380290e-01
-3.396570217182883766e+00
3.396570217182883766e+00
-5.904438144204382510e-01
13.0 1
5.212268363605607746e-01
3.662100239987376771e+00
-3.529508272472316133e+00
5.564991559794464360e-01
-5.564991559794467690e-01
-3.529508272472316133e+00
3.529508272472316133e+00
-5.564991559794469911e-01
13.0 1
5.212268363605607746e-01
3.662100239987376771e+00
-3.529508272472316133e+00
5.564991559794464360e-01
-5.564991559794467690e-01
-3.529508272472316133e+00
3.529508272472316133e+00
-5.564991559794469911e-01
13.0 1
5.212268363605607746e-01
3.662100239987376771e+00
-3.529508272472316133e+00
5.564991559794464360e-01
-5.564991559794467690e-01
-3.529508272472316133e+00
3.529508272472316133e+00
-5.564991559794469911e-01
13.5 1
4.846303827663690500e-01
3.794332860641812299e+00
-3.662100239987379435e+00
5.212268363605712107e-01
-5.212268363605715438e-01
-3.662100239987379435e+00
3.662100239987379435e+00
-5.212268363605717658e-01
14.0 1
4.467134548117241422e-01
3.926192911283748366e+00
-3.794332860641815408e+00
4.846303827663802632e-01
-4.846303827663805963e-01
-3.794332860641815408e+00
3.794332860641815408e+00
-4.846303827663808739e-01
14.0 1
4.467134548117241422e-01
3.926192911283748366e+00
-3.794332860641815408e+00
4.846303827663802632e-01
-4.846303827663805963e-01
-3.794332860641815408e+00
3.794332860641815408e+00
-4.846303827663808739e-01
14.0 1
4.467134548117241422e-01
3.926192911283748366e+00
-3.794332860641815408e+00
4.846303827663802632e-01
-4.846303827663805963e-01
-3.794332860641815408e+00
3.794332860641815408e+00
-4.846303827663808739e-01
14.5 1
4.074798441578241226e-01
4.057667206018003903e+00
-3.926192911283751918e+00
4.467134548117361881e-01
-4.467134548117365211e-01
-3.926192911283751918e+00
3.926192911283751918e+00
-4.467134548117367987e-01
15.0 1
3.669334741330398941e-01
4.188742597524666600e+00
-4.057667206018007455e+00
4.074798441578370567e-01
-4.074798441578373898e-01
-4.057667206018007455e+00
4.057667206018007455e+00
-4.074798441578376673e-01
15.0 1
3.669334741330398941e-01
4.188742597524666600e+00
-4.057667206018007455e+00
4.074798441578370567e-01
-4.074798441578373898e-01
-4.057667206018007455e+00
4.057667206018007455e+00
-4.074798441578376673e-01
15.0 1
3.669334741330398941e-01
4.188742597524666600e+00
-4.057667206018007455e+00
4.074798441578370567e-01
-4.074798441578373898e-01
-4.057667206018007455e+00
4.057667206018007455e+00
-4.074798441578376673e-01
15.5 1
3.250783993405853556e-01
4.319405978373815458e+00
-4.188742597524671041e+00
3.669334741330536609e-01
-3.669334741330540495e-01
-4.188742597524671041e+00
4.188742597524671041e+00
-3.669334741330543270e-01
16.0 1
2.819188052530606226e-01
4.449644282336251422e+00
-4.319405978373820787e+00
3.250783993406000105e-01
-3.250783993406003991e-01
-4.319405978373820787e+00
4.319405978373820787e+00
-3.250783993406006767e-01
16.0 1
2.819188052530606226e-01
4.449644282336251422e+00
-4.319405978373820787e+00
3.250783993406000105e-01
-3.250783993406003991e-01
-4.319405978373820787e+00
4.319405978373820787e+00
-3.250783993406006767e-01
16.0 1
2.819188052530606226e-01
4.449644282336251422e+00
-4.319405978373820787e+00
3.250783993406000105e-01
-3.250783993406003991e-01
-4.319405978373820787e+00
4.319405978373820787e+00
-3.250783993406006767e-01
16.5 1
2.374590077939082722e-01
4.579444485690109090e+00
-4.449644282336256751e+00
2.819188052530762212e-01
-2.819188052530766098e-01
-4.449644282336256751e+00
4.449644282336256751e+00
-2.819188052530768873e-01
17.0 1
1.917034529058244952e-01
4.708793608523220264e+00
-4.579444485690115307e+00
2.374590077939248145e-01
-2.374590077939252308e-01
-4.579444485690115307e+00
4.579444485690115307e+00
-2.374590077939255084e-01
17.0 1
1.917034529058244952e-01
4.708793608523220264e+00
-4.579444485690115307e+00
2.374590077939248145e-01
-2.374590077939252308e-01
-4.579444485690115307e+00
4.579444485690115307e+00
-2.374590077939255084e-01
17.0 1
1.917034529058244952e-01
4.708793608523220264e+00
-4.579444485690115307e+00
2.374590077939248145e-01
-2.374590077939252308e-01
-4.579444485690115307e+00
4.579444485690115307e+00
-2.374590077939255084e-01
17.5 1
1.446567161061686202e-01
4.837678716031091675e+00
-4.708793608523226482e+00
1.917034529058420367e-01
-1.917034529058424530e-01
-4.708793608523226482e+00
4.708793608523226482e+00
-1.917034529058427306e-01
18.0 1
9.632350202941511452e-02
4.966086919810376976e+00
-4.837678716031098780e+00
1.446567161061871609e-01
-1.446567161061875773e-01
-4.837678716031098780e+00
4.837678716031098780e+00
-1.446567161061878826e-01
18.0 1
9.632350202941511452e-02
4.966086919810376976e+00
-4.837678716031098780e+00
1.446567161061871609e-01
-1.446567161061875773e-01
-4.837678716031098780e+00
4.837678716031098780e+00
-1.446567161061878826e-01
18.0 1
9.632350202941511452e-02
4.966086919810376976e+00
-4.837678716031098780e+00
1.446567161061871609e-01
-1.446567161061875773e-01
-4.837678716031098780e+00
4.837678716031098780e+00
-1.446567161061878826e-01
18.5 1
4.670864395669410696e-02
5.094005379147704460e+00
-4.966086919810384082e+00
9.632350202943468220e-02
-9.632350202943511241e-02
-4.966086919810384082e+00
4.966086919810384082e+00
-9.632350202943543160e-02
19.0 1
-4.182896667532708113e-03
5.221421302303738798e+00
-5.094005379147711565e+00
4.670864395671473629e-02
-4.670864395671517344e-02
-5.094005379147711565e+00
5.094005379147711565e+00
-4.670864395671549957e-02
19.0 1
-4.182896667532708113e-03
5.221421302303738798e+00
-5.094005379147711565e+00
4.670864395671473629e-02
-4.670864395671517344e-02
-5.094005379147711565e+00
5.094005379147711565e+00
-4.670864395671549957e-02
19.0 1
-4.182896667532708113e-03
5.221421302303738798e+00
-5.094005379147711565e+00
4.670864395671473629e-02
-4.670864395671517344e-02
-5.094005379147711565e+00
5.094005379147711565e+00
-4.670864395671549957e-02
19.5 1
-5.634603073161238013e-02
5.348321947792343600e+00
-5.221421302303745904e+00
-4.182896667510989375e-03
4.182896667510545285e-03
-5.221421302303745904e+00
5.221421302303745904e+00
4.182896667510212219e-03
20.0 1
-1.097755419656076259e-01
5.474694625654720426e+00
-5.348321947792351594e+00
-5.634603073158954423e-02
5.634603073158909320e-02
-5.348321947792351594e+00
5.348321947792351594e+00
5.634603073158875319e-02
20.0 1
-1.097755419656076259e-01
5.474694625654720426e+00
-5.348321947792351594e+00
-5.634603073158954423e-02
5.634603073158909320e-02
-5.348321947792351594e+00
5.348321947792351594e+00
5.634603073158875319e-02
20.0 1
-1.097755419656076259e-01
5.474694625654720426e+00
-5.348321947792351594e+00
-5.634603073158954423e-02
5.634603073158909320e-02
-5.348321947792351594e+00
5.348321947792351594e+00
5.634603073158875319e-02
20.5 1
-1.644660874629195191e-01
5.600526698728393704e+00
-5.474694625654729307e+00
-1.097755419655836728e-01
1.097755419655832010e-01
-5.474694625654729307e+00
5.474694625654729307e+00
1.097755419655828679e-01
21.0 1
-2.204121982145735847e-01
5.725805583910915431e+00
-5.600526698728402586e+00
-1.644660874628944003e-01
1.644660874628939284e-01
-5.600526698728402586e+00
5.600526698728402586e+00
1.644660874628935954e-01
21.0 1
-2.204121982145735847e-01
5.725805583910915431e+00
-5.600526698728402586e+00
-1.644660874628944003e-01
1.644660874628939284e-01
-5.600526698728402586e+00
5.600526698728402586e+00
1.644660874628935954e-01
21.0 1
-2.204121982145735847e-01
5.725805583910915431e+00
-5.600526698728402586e+00
-1.644660874628944003e-01
1.644660874628939284e-01
-5.600526698728402586e+00
5.600526698728402586e+00
1.644660874628935954e-01
21.5 1
-2.776082796561162858e-01
5.850518753418166185e+00
-5.725805583910924312e+00
-2.204121982145473002e-01
2.204121982145468284e-01
-5.725805583910924312e+00
5.725805583910924312e+00
2.204121982145464675e-01
22.0 1
-3.360486122270666676e-01
5.974653736037121909e+00
-5.850518753418175066e+00
-2.776082796560888077e-01
2.776082796560883637e-01
-5.850518753418175066e+00
5.850518753418175066e+00
2.776082796560879751e-01
22.0 1
-3.360486122270666676e-01
5.974653736037121909e+00
-5.850518753418175066e+00
-2.776082796560888077e-01
2.776082796560883637e-01
-5.850518753418175066e+00
5.850518753418175066e+00
2.776082796560879751e-01
22.0 1
-3.360486122270666676e-01
5.974653736037121909e+00
-5.850518753418175066e+00
-2.776082796560888077e-01
2.776082796560883637e-01
-5.850518753418175066e+00
5.850518753418175066e+00
2.776082796560879751e-01
22.5 1
-3.957273519428677888e-01
6.098198118372966547e+00
-5.974653736037131679e+00
-3.360486122270380238e-01
3.360486122270375797e-01
-5.974653736037131679e+00
5.974653736037131679e+00
3.360486122270371911e-01
23.0 1
-4.566385309792801439e-01
6.221139546090419969e+00
-6.098198118372977206e+00
-3.957273519428379793e-01
3.957273519428374797e-01
-6.098198118372977206e+00
6.098198118372977206e+00
3.957273519428370911e-01
23.0 1
-4.566385309792801439e-01
6.221139546090419969e+00
-6.098198118372977206e+00
-3.957273519428379793e-01
3.957273519428374797e-01
-6.098198118372977206e+00
6.098198118372977206e+00
3.957273519428370911e-01
23.0 1
-4.566385309792801439e-01
6.221139546090419969e+00
-6.098198118372977206e+00
-3.957273519428379793e-01
3.957273519428374797e-01
-6.098198118372977206e+00
6.098198118372977206e+00
3.957273519428370911e-01
23.5 1
-5.187760582691592903e-01
6.343465725149161294e+00
-6.221139546090431516e+00
-4.566385309792491687e-01
4.566385309792486691e-01
-6.221139546090431516e+00
6.221139546090431516e+00
4.566385309792482805e-01
24.0 1
-5.821337201115572846e-01
6.465164423033222363e+00
-6.343465725149173728e+00
-5.187760582691270939e-01
5.187760582691266498e-01
-6.343465725149173728e+00
6.343465725149173728e+00
5.187760582691262057e-01
24.0 1
-5.821337201115572846e-01
6.465164423033222363e+00
-6.343465725149173728e+00
-5.187760582691270939e-01
5.187760582691266498e-01
-6.343465725149173728e+00
6.343465725149173728e+00
5.187760582691262057e-01
24.0 1
-5.821337201115572846e-01
6.465164423033222363e+00
-6.343465725149173728e+00
-5.187760582691270939e-01
5.187760582691266498e-01
-6.343465725149173728e+00
6.343465725149173728e+00
5.187760582691262057e-01
24.5 1
-6.467051807930878082e-01
6.586223469974230582e+00
-6.465164423033235686e+00
-5.821337201115239779e-01
5.821337201115235338e-01
-6.465164423033235686e+00
6.465164423033235686e+00
5.821337201115230897e-01
25.0 1
-7.124839832214919788e-01
6.706630760168374117e+00
-6.586223469974244793e+00
-6.467051807930532803e-01
6.467051807930528362e-01
-6.586223469974244793e+00
6.586223469974244793e+00
6.467051807930523921e-01
25.0 1
-7.124839832214919788e-01
6.706630760168374117e+00
-6.586223469974244793e+00
-6.467051807930532803e-01
6.467051807930528362e-01
-6.586223469974244793e+00
6.586223469974244793e+00
6.467051807930523921e-01
25.0 1
-7.124839832214919788e-01
6.706630760168374117e+00
-6.586223469974244793e+00
-6.467051807930532803e-01
6.467051807930528362e-01
-6.586223469974244793e+00
6.586223469974244793e+00
6.467051807930523921e-01
25.5 1
-7.794635495713425621e-01
6.826374252986972202e+00
-6.706630760168389216e+00
-7.124839832214563407e-01
7.124839832214558966e-01
-6.706630760168389216e+00
6.706630760168389216e+00
7.124839832214554525e-01
26.0 1
-8.476371819418206943e-01
6.945441974180528888e+00
-6.826374252986988189e+00
-7.794635495713058138e-01
7.794635495713053697e-01
-6.826374252986988189e+00
6.826374252986988189e+00
7.794635495713049256e-01
26.0 1
-8.476371819418206943e-01
6.945441974180528888e+00
-6.826374252986988189e+00
-7.794635495713058138e-01
7.794635495713053697e-01
-6.826374252986988189e+00
6.826374252986988189e+00
7.794635495713049256e-01
26.0 1
-8.476371819418206943e-01
6.945441974180528888e+00
-6.826374252986988189e+00
-7.794635495713058138e-01
7.794635495713053697e-01
-6.826374252986988189e+00
6.826374252986988189e+00
7.794635495713049256e-01
26.5 1
-9.169980630265004429e-01
7.063822017076148541e+00
-6.945441974180545763e+00
-8.476371819417828357e-01
8.476371819417822806e-01
-6.945441974180545763e+00
6.945441974180545763e+00
8.476371819417818365e-01
27.0 1
-9.875392567950739275e-01
7.181502543768190527e+00
-7.063822017076165416e+00
-9.169980630264614740e-01
9.169980630264609189e-01
-7.063822017076165416e+00
7.063822017076165416e+00
9.169980630264604748e-01
27.0 1
-9.875392567950739275e-01
7.181502543768190527e+00
-7.063822017076165416e+00
-9.169980630264614740e-01
9.169980630264609189e-01
-7.063822017076165416e+00
7.063822017076165416e+00
9.169980630264604748e-01
27.0 1
-9.875392567950739275e-01
7.181502543768190527e+00
-7.063822017076165416e+00
-9.169980630264614740e-01
9.169980630264609189e-01
-7.063822017076165416e+00
7.063822017076165416e+00
9.169980630264604748e-01
27.5 1
-1.059253709186948278e+00
7.298471786302052067e+00
-7.181502543768207403e+00
-9.875392567950338485e-01
9.875392567950331824e-01
-7.181502543768207403e+00
7.181502543768207403e+00
9.875392567950327383e-01
28.0 1
-1.132134248816646371e+00
7.414718047850954008e+00
-7.298471786302069830e+00
-1.059253709186907200e+00
1.059253709186906534e+00
-7.298471786302069830e+00
7.298471786302069830e+00
1.059253709186906089e+00
28.0 1
-1.132134248816646371e+00
7.414718047850954008e+00
-7.298471786302069830e+00
-1.059253709186907200e+00
1.059253709186906534e+00
-7.298471786302069830e+00
7.298471786302069830e+00
1.059253709186906089e+00
28.0 1
-1.132134248816646371e+00
7.414718047850954008e+00
-7.298471786302069830e+00
-1.059253709186907200e+00
1.059253709186906534e+00
-7.298471786302069830e+00
7.298471786302069830e+00
1.059253709186906089e+00
28.5 1
-1.206173587690938742e+00
7.530229703885613191e+00
-7.414718047850972660e+00
-1.132134248816604183e+00
1.132134248816603517e+00
-7.414718047850972660e+00
7.414718047850972660e+00
1.132134248816603073e+00
29.0 1
-1.281364321937637163e+00
7.644995203336685918e+00
-7.530229703885632730e+00
-1.206173587690895443e+00
1.206173587690894777e+00
-7.530229703885632730e+00
7.530229703885632730e+00
1.206173587690894333e+00
29.0 1
-1.281364321937637163e+00
7.644995203336685918e+00
-7.530229703885632730e+00
-1.206173587690895443e+00
1.206173587690894777e+00
-7.530229703885632730e+00
7.530229703885632730e+00
1.206173587690894333e+00
29.0 1
-1.281364321937637163e+00
7.644995203336685918e+00
-7.530229703885632730e+00
-1.206173587690895443e+00
1.206173587690894777e+00
-7.530229703885632730e+00
7.530229703885632730e+00
1.206173587690894333e+00
29.5 1
-1.357698932545975623e+00
7.759003069749864423e+00
-7.644995203336705458e+00
-1.281364321937592754e+00
1.281364321937592088e+00
-7.644995203336705458e+00
7.644995203336705458e+00
1.281364321937591644e+00
30.0 1
-1.435169786118505320e+00
7.872241902433513516e+00
-7.759003069749883963e+00
-1.357698932545930104e+00
1.357698932545929438e+00
-7.759003069749883963e+00
7.759003069749883963e+00
1.357698932545928994e+00
30.0 1
-1.435169786118505320e+00
7.872241902433513516e+00
-7.759003069749883963e+00
-1.357698932545930104e+00
1.357698932545929438e+00
-7.759003069749883963e+00
7.759003069749883963e+00
1.357698932545928994e+00
30.0 1
-1.435169786118505320e+00
7.872241902433513516e+00
-7.759003069749883963e+00
-1.357698932545930104e+00
1.357698932545929438e+00
-7.759003069749883963e+00
7.759003069749883963e+00
1.357698932545928994e+00
30.5 1
-1.513769135634427832e+00
7.984700377598730192e+00
-7.872241902433533056e+00
-1.435169786118458690e+00
1.435169786118458024e+00
-7.872241902433533056e+00
7.872241902433533056e+00
1.435169786118457580e+00
31.0 1
-1.593489121224290983e+00
8.096367249491713380e+00
-7.984700377598749732e+00
-1.513769135634380314e+00
1.513769135634379648e+00
-7.984700377598749732e+00
7.984700377598749732e+00
1.513769135634379204e+00
31.0 1
-1.593489121224290983e+00
8.096367249491713380e+00
-7.984700377598749732e+00
-1.513769135634380314e+00
1.513769135634379648e+00
-7.984700377598749732e+00
7.984700377598749732e+00
1.513769135634379204e+00
31.0 1
-1.593489121224290983e+00
8.096367249491713380e+00
-7.984700377598749732e+00
-1.513769135634380314e+00
1.513769135634379648e+00
-7.984700377598749732e+00
7.984700377598749732e+00
1.513769135634379204e+00
31.5 1
-1.674321770955968569e+00
8.207231351518327500e+00
-8.096367249491732920e+00
-1.593489121224242355e+00
1.593489121224241689e+00
-8.096367249491732920e+00
8.096367249491732920e+00
1.593489121224241245e+00
32.0 1
-1.756259001631848005e+00
8.317281597360757672e+00
-8.207231351518348816e+00
-1.674321770955919053e+00
1.674321770955918387e+00
-8.207231351518348816e+00
8.207231351518348816e+00
1.674321770955917943e+00
32.0 1
-1.756259001631848005e+00
8.317281597360757672e+00
-8.207231351518348816e+00
-1.674321770955919053e+00
1.674321770955918387e+00
-8.207231351518348816e+00
8.207231351518348816e+00
1.674321770955917943e+00
32.0 1
-1.756259001631848005e+00
8.317281597360757672e+00
-8.207231351518348816e+00
-1.674321770955919053e+00
1.674321770955918387e+00
-8.207231351518348816e+00
8.207231351518348816e+00
1.674321770955917943e+00
32.5 1
-1.839292619597142409e+00
8.426506982086127806e+00
-8.317281597360780765e+00
-1.756259001631797378e+00
1.756259001631796712e+00
-8.317281597360780765e+00
8.317281597360780765e+00
1.756259001631796268e+00
33.0 1
-1.923414321559249629e+00
8.534896583246986523e+00
-8.426506982086152675e+00
-1.839292619597090672e+00
1.839292619597090006e+00
-8.426506982086152675e+00
8.426506982086152675e+00
1.839292619597089562e+00
33.0 1
-1.923414321559249629e+00
8.534896583246986523e+00
-8.426506982086152675e+00
-1.839292619597090672e+00
1.839292619597090006e+00
-8.426506982086152675e+00
8.426506982086152675e+00
1.839292619597089562e+00
33.0 1
-1.923414321559249629e+00
8.534896583246986523e+00
-8.426506982086152675e+00
-1.839292619597090672e+00
1.839292619597090006e+00
-8.426506982086152675e+00
8.426506982086152675e+00
1.839292619597089562e+00
33.5 1
-2.008615695418074942e+00
8.642439561973542794e+00
-8.534896583247013169e+00
-1.923414321559197004e+00
1.923414321559196338e+00
-8.534896583247013169e+00
8.534896583247013169e+00
1.923414321559195894e+00
34.0 1
-2.094888221107233051e+00
8.749125164057542037e+00
-8.642439561973569440e+00
-2.008615695418021208e+00
2.008615695418020319e+00
-8.642439561973569440e+00
8.642439561973569440e+00
2.008615695418019875e+00
34.0 1
-2.094888221107233051e+00
8.749125164057542037e+00
-8.642439561973569440e+00
-2.008615695418021208e+00
2.008615695418020319e+00
-8.642439561973569440e+00
8.642439561973569440e+00
2.008615695418019875e+00
34.0 1
-2.094888221107233051e+00
8.749125164057542037e+00
-8.642439561973569440e+00
-2.008615695418021208e+00
2.008615695418020319e+00
-8.642439561973569440e+00
8.642439561973569440e+00
2.008615695418019875e+00
34.5 1
-2.182223271446048329e+00
8.854942721027679653e+00
-8.749125164057568682e+00
-2.094888221107177984e+00
2.094888221107177095e+00
-8.749125164057568682e+00
8.749125164057568682e+00
2.094888221107176651e+00
35.0 1
-2.270612113002266508e+00
8.959881651216440090e+00
-8.854942721027706298e+00
-2.182223271445992374e+00
2.182223271445991486e+00
-8.854942721027706298e+00
8.854942721027706298e+00
2.182223271445991042e+00
35.0 1
-2.270612113002266508e+00
8.959881651216440090e+00
-8.854942721027706298e+00
-2.182223271445992374e+00
2.182223271445991486e+00
-8.854942721027706298e+00
8.854942721027706298e+00
2.182223271445991042e+00
35.0 1
-2.270612113002266508e+00
8.959881651216440090e+00
-8.854942721027706298e+00
-2.182223271445992374e+00
2.182223271445991486e+00
-8.854942721027706298e+00
8.854942721027706298e+00
2.182223271445991042e+00
35.5 1
-2.360045906965388518e+00
9.063931460818253072e+00
-8.959881651216466736e+00
-2.270612113002209664e+00
2.270612113002208332e+00
-8.959881651216466736e+00
8.959881651216466736e+00
2.270612113002208332e+00
36.0 1
-2.450515710030546135e+00
9.167081744938865739e+00
-9.063931460818281494e+00
-2.360045906965330786e+00
2.360045906965329454e+00
-9.063931460818281494e+00
9.063931460818281494e+00
2.360045906965329454e+00
36.0 1
-2.450515710030546135e+00
9.167081744938865739e+00
-9.063931460818281494e+00
-2.360045906965330786e+00
2.360045906965329454e+00
-9.063931460818281494e+00
9.063931460818281494e+00
2.360045906965329454e+00
36.0 1
-2.450515710030546135e+00
9.167081744938865739e+00
-9.063931460818281494e+00
-2.360045906965330786e+00
2.360045906965329454e+00
-9.063931460818281494e+00
9.063931460818281494e+00
2.360045906965329454e+00
36.5 1
-2.542012475292824369e+00
9.269322188635825910e+00
-9.167081744938895937e+00
-2.450515710030487515e+00
2.450515710030486183e+00
-9.167081744938895937e+00
9.167081744938895937e+00
2.450515710030486183e+00
37.0 1
-2.634527053151944020e+00
9.370642567949962753e+00
-9.269322188635856108e+00
-2.542012475292764861e+00
2.542012475292763529e+00
-9.269322188635856108e+00
9.269322188635857884e+00
2.542012475292763529e+00
37.0 1
-2.634527053151944020e+00
9.370642567949962753e+00
-9.269322188635856108e+00
-2.542012475292764861e+00
2.542012475292763529e+00
-9.269322188635856108e+00
9.269322188635857884e+00
2.542012475292763529e+00
37.0 1
-2.634527053151944020e+00
9.370642567949962753e+00
-9.269322188635856108e+00
-2.542012475292764861e+00
2.542012475292763529e+00
-9.269322188635856108e+00
9.269322188635857884e+00
2.542012475292763529e+00
37.5 1
-2.728050192227214232e+00
9.471032750927779631e+00
-9.370642567949994728e+00
-2.634527053151883180e+00
2.634527053151881848e+00
-9.370642567949994728e+00
9.370642567949996504e+00
2.634527053151881848e+00
38.0 1
-2.822572540282663134e+00
9.570482698634634744e+00
-9.471032750927811605e+00
-2.728050192227152060e+00
2.728050192227151172e+00
-9.471032750927811605e+00
9.471032750927813382e+00
2.728050192227150728e+00
38.0 1
-2.822572540282663134e+00
9.570482698634634744e+00
-9.471032750927811605e+00
-2.728050192227152060e+00
2.728050192227151172e+00
-9.471032750927811605e+00
9.471032750927813382e+00
2.728050192227150728e+00
38.0 1
-2.822572540282663134e+00
9.570482698634634744e+00
-9.471032750927811605e+00
-2.728050192227152060e+00
2.728050192227151172e+00
-9.471032750927811605e+00
9.471032750927813382e+00
2.728050192227150728e+00
38.5 1
-2.918084645162253299e+00
9.668982466158633216e+00
-9.570482698634668495e+00
-2.822572540282600073e+00
2.822572540282599185e+00
-9.570482698634668495e+00
9.570482698634670271e+00
2.822572540282598741e+00
39.0 1
-3.014576955735090102e+00
9.766522203605106256e+00
-9.668982466158668743e+00
-2.918084645162189350e+00
2.918084645162188462e+00
-9.668982466158668743e+00
9.668982466158670519e+00
2.918084645162188018e+00
39.0 1
-3.014576955735090102e+00
9.766522203605106256e+00
-9.668982466158668743e+00
-2.918084645162189350e+00
2.918084645162188462e+00
-9.668982466158668743e+00
9.668982466158670519e+00
2.918084645162188018e+00
39.0 1
-3.014576955735090102e+00
9.766522203605106256e+00
-9.668982466158668743e+00
-2.918084645162189350e+00
2.918084645162188462e+00
-9.668982466158668743e+00
9.668982466158670519e+00
2.918084645162188018e+00
39.5 1
-3.112039822850526605e+00
9.863092157081592148e+00
-9.766522203605143559e+00
-3.014576955735025265e+00
3.014576955735024377e+00
-9.766522203605143559e+00
9.766522203605145336e+00
3.014576955735023933e+00
40.0 1
-3.210463500303069928e+00
9.958682669673216026e+00
-9.863092157081629452e+00
-3.112039822850460880e+00
3.112039822850459991e+00
-9.863092157081629452e+00
9.863092157081631228e+00
3.112039822850459547e+00
40.0 1
-3.210463500303069928e+00
9.958682669673216026e+00
-9.863092157081629452e+00
-3.112039822850460880e+00
3.112039822850459991e+00
-9.863092157081629452e+00
9.863092157081631228e+00
3.112039822850459547e+00
40.0 1
-3.210463500303069928e+00
9.958682669673216026e+00
-9.863092157081629452e+00
-3.112039822850460880e+00
3.112039822850459991e+00
-9.863092157081629452e+00
9.863092157081631228e+00
3.112039822850459547e+00
40.5 1
-3.309838145806994092e+00
1.005328418240837962e+01
-9.958682669673255106e+00
-3.210463500303003315e+00
3.210463500303002427e+00
-9.958682669673255106e+00
9.958682669673256882e+00
3.210463500303001982e+00
41.0 1
-3.410153821980560718e+00
1.014688723521464198e+01
-1.005328418240841870e+01
-3.309838145806926590e+00
3.309838145806925702e+00
-1.005328418240841870e+01
1.005328418240842048e+01
3.309838145806925258e+00
41.0 1
-3.410153821980560718e+00
1.014688723521464198e+01
-1.005328418240841870e+01
-3.309838145806926590e+00
3.309838145806925702e+00
-1.005328418240841870e+01
1.005328418240842048e+01
3.309838145806925258e+00
41.0 1
-3.410153821980560718e+00
1.014688723521464198e+01
-1.005328418240841870e+01
-3.309838145806926590e+00
3.309838145806925702e+00
-1.005328418240841870e+01
1.005328418240842048e+01
3.309838145806925258e+00
41.5 1
-3.511400497339748128e+00
1.023948246786472538e+01
-1.014688723521468106e+01
-3.410153821980492328e+00
3.410153821980491440e+00
-1.014688723521468106e+01
1.014688723521468283e+01
3.410153821980490996e+00
42.0 1
-3.613568047301392916e+00
1.033106062091252753e+01
-1.023948246786476446e+01
-3.511400497339679294e+00
3.511400497339678406e+00
-1.023948246786476446e+01
1.023948246786476624e+01
3.511400497339677962e+00
42.0 1
-3.613568047301392916e+00
1.033106062091252753e+01
-1.023948246786476446e+01
-3.511400497339679294e+00
3.511400497339678406e+00
-1.023948246786476446e+01
1.023948246786476624e+01
3.511400497339677962e+00
42.0 1
-3.613568047301392916e+00
1.033106062091252753e+01
-1.023948246786476446e+01
-3.511400497339679294e+00
3.511400497339678406e+00
-1.023948246786476446e+01
1.023948246786476624e+01
3.511400497339677962e+00
42.5 1
-3.716646255195638293e+00
1.042161253661905818e+01
-1.033106062091256661e+01
-3.613568047301323194e+00
3.613568047301322306e+00
-1.033106062091256661e+01
1.033106062091256838e+01
3.613568047301321862e+00
43.0 1
-3.820624813287592847e+00
1.051112915986820617e+01
-1.042161253661909726e+01
-3.716646255195567683e+00
3.716646255195566795e+00
-1.042161253661909726e+01
1.042161253661909903e+01
3.716646255195566351e+00
43.0 1
-3.820624813287592847e+00
1.051112915986820617e+01
-1.042161253661909726e+01
-3.716646255195567683e+00
3.716646255195566795e+00
-1.042161253661909726e+01
1.042161253661909903e+01
3.716646255195566351e+00
43.0 1
-3.820624813287592847e+00
1.051112915986820617e+01
-1.042161253661909726e+01
-3.716646255195567683e+00
3.716646255195566795e+00
-1.042161253661909726e+01
1.042161253661909903e+01
3.716646255195566351e+00
43.5 1
-3.925493323808095791e+00
1.059960153907224267e+01
-1.051112915986824525e+01
-3.820624813287521349e+00
3.820624813287520460e+00
-1.051112915986824525e+01
1.051112915986824703e+01
3.820624813287520016e+00
44.0 1
-4.031241299993485683e+00
1.068702082706697531e+01
-1.059960153907228353e+01
-3.925493323808023405e+00
3.925493323808022517e+00
-1.059960153907228353e+01
1.059960153907228531e+01
3.925493323808022073e+00
44.0 1
-4.031241299993485683e+00
1.068702082706697531e+01
-1.059960153907228353e+01
-3.925493323808023405e+00
3.925493323808022517e+00
-1.059960153907228353e+01
1.059960153907228531e+01
3.925493323808022073e+00
44.0 1
-4.031241299993485683e+00
1.068702082706697531e+01
-1.059960153907228353e+01
-3.925493323808023405e+00
3.925493323808022517e+00
-1.059960153907228353e+01
1.059960153907228531e+01
3.925493323808022073e+00
44.5 1
-4.137858167134266019e+00
1.077337828199645386e+01
-1.068702082706701795e+01
-4.031241299993411964e+00
4.031241299993411076e+00
-1.068702082706701795e+01
1.068702082706701972e+01
4.031241299993411076e+00
45.0 1
-4.245333263632570464e+00
1.085866526818714917e+01
-1.077337828199649650e+01
-4.137858167134191412e+00
4.137858167134190523e+00
-1.077337828199649650e+01
1.077337828199649827e+01
4.137858167134190523e+00
45.0 1
-4.245333263632570464e+00
1.085866526818714917e+01
-1.077337828199649650e+01
-4.137858167134191412e+00
4.137858167134190523e+00
-1.077337828199649650e+01
1.077337828199649827e+01
4.137858167134190523e+00
45.0 1
-4.245333263632570464e+00
1.085866526818714917e+01
-1.077337828199649650e+01
-4.137858167134191412e+00
4.137858167134190523e+00
-1.077337828199649650e+01
1.077337828199649827e+01
4.137858167134190523e+00
45.5 1
-4.353655842068311799e+00
1.094287325701151481e+01
-1.085866526818719358e+01
-4.245333263632494969e+00
4.245333263632494081e+00
-1.085866526818719358e+01
1.085866526818719535e+01
4.245333263632494081e+00
46.0 1
-4.462815070273914664e+00
1.102599382774084091e+01
-1.094287325701155922e+01
-4.353655842068235415e+00
4.353655842068234527e+00
-1.094287325701155922e+01
1.094287325701156099e+01
4.353655842068234527e+00
46.0 1
-4.462815070273914664e+00
1.102599382774084091e+01
-1.094287325701155922e+01
-4.353655842068235415e+00
4.353655842068234527e+00
-1.094287325701155922e+01
1.094287325701156099e+01
4.353655842068234527e+00
46.0 1
-4.462815070273914664e+00
1.102599382774084091e+01
-1.094287325701155922e+01
-4.353655842068235415e+00
4.353655842068234527e+00
-1.094287325701155922e+01
1.094287325701156099e+01
4.353655842068234527e+00
46.5 1
-4.572800032417523752e+00
1.110801866838732188e+01
-1.102599382774088710e+01
-4.462815070273837392e+00
4.462815070273836504e+00
-1.102599382774088710e+01
1.102599382774088888e+01
4.462815070273836504e+00
47.0 1
-4.683599730094579527e+00
1.118893957653524573e+01
-1.110801866838736807e+01
-4.572800032417445593e+00
4.572800032417444704e+00
-1.110801866838736807e+01
1.110801866838736984e+01
4.572800032417444704e+00
47.0 1
-4.683599730094579527e+00
1.118893957653524573e+01
-1.110801866838736807e+01
-4.572800032417445593e+00
4.572800032417444704e+00
-1.110801866838736807e+01
1.110801866838736984e+01
4.572800032417444704e+00
47.0 1
-4.683599730094579527e+00
1.118893957653524573e+01
-1.110801866838736807e+01
-4.572800032417445593e+00
4.572800032417444704e+00
-1.110801866838736807e+01
1.110801866838736984e+01
4.572800032417444704e+00
47.5 1
-4.795203083427646007e+00
1.126874846016123399e+01
-1.118893957653529370e+01
-4.683599730094500480e+00
4.683599730094499591e+00
-1.118893957653529370e+01
1.118893957653529547e+01
4.683599730094499591e+00
48.0 1
-4.907598932174392914e+00
1.134743733844342906e+01
-1.126874846016128195e+01
-4.795203083427566071e+00
4.795203083427565183e+00
-1.126874846016128195e+01
1.126874846016128373e+01
4.795203083427565183e+00
48.0 1
-4.907598932174392914e+00
1.134743733844342906e+01
-1.126874846016128195e+01
-4.795203083427566071e+00
4.795203083427565183e+00
-1.126874846016128195e+01
1.126874846016128373e+01
4.795203083427565183e+00
48.0 1
-4.907598932174392914e+00
1.134743733844342906e+01
-1.126874846016128195e+01
-4.795203083427566071e+00
4.795203083427565183e+00
-1.126874846016128195e+01
1.126874846016128373e+01
4.795203083427565183e+00
48.5 1
-5.020776036843608736e+00
1.142499834255957758e+01
-1.134743733844347879e+01
-4.907598932174312090e+00
4.907598932174311201e+00
-1.134743733844347879e+01
1.134743733844348057e+01
4.907598932174311201e+00
49.0 1
-5.134723079819139890e+00
1.150142371647390149e+01
-1.142499834255962732e+01
-5.020776036843527024e+00
5.020776036843526136e+00
-1.142499834255962732e+01
1.142499834255962909e+01
5.020776036843526136e+00
49.0 1
-5.134723079819139890e+00
1.150142371647390149e+01
-1.142499834255962732e+01
-5.020776036843527024e+00
5.020776036843526136e+00
-1.142499834255962732e+01
1.142499834255962909e+01
5.020776036843526136e+00
49.0 1
-5.134723079819139890e+00
1.150142371647390149e+01
-1.142499834255962732e+01
-5.020776036843527024e+00
5.020776036843526136e+00
-1.142499834255962732e+01
1.142499834255962909e+01
5.020776036843526136e+00
49.5 1
-5.249428666491644968e+00
1.157670581771269624e+01
-1.150142371647395301e+01
-5.134723079819057290e+00
5.134723079819056402e+00
-1.150142371647395301e+01
1.150142371647395478e+01
5.134723079819056402e+00
50.0 1
-5.364881326398043271e+00
1.165083711812857459e+01
-1.157670581771274954e+01
-5.249428666491561479e+00
5.249428666491560591e+00
-1.157670581771274954e+01
1.157670581771275131e+01
5.249428666491560591e+00
50.0 1
-5.364881326398043271e+00
1.165083711812857459e+01
-1.157670581771274954e+01
-5.249428666491561479e+00
5.249428666491560591e+00
-1.157670581771274954e+01
1.157670581771275131e+01
5.249428666491560591e+00
50.0 1
-5.364881326398043271e+00
1.165083711812857459e+01
-1.157670581771274954e+01
-5.249428666491561479e+00
5.249428666491560591e+00
-1.157670581771274954e+01
1.157670581771275131e+01
5.249428666491560591e+00
50.5 1
-5.481069514368555495e+00
1.172381020465326884e+01
-1.165083711812862788e+01
-5.364881326397959782e+00
5.364881326397958894e+00
-1.165083711812862788e+01
1.165083711812862965e+01
5.364881326397958894e+00
51.0 1
-5.597981611681207781e+00
1.179561778003893835e+01
-1.172381020465332391e+01
-5.481069514368471118e+00
5.481069514368470230e+00
-1.172381020465332391e+01
1.172381020465332568e+01
5.481069514368470230e+00
51.0 1
-5.597981611681207781e+00
1.179561778003893835e+01
-1.172381020465332391e+01
-5.481069514368471118e+00
5.481069514368470230e+00
-1.172381020465332391e+01
1.172381020465332568e+01
5.481069514368470230e+00
51.0 1
-5.597981611681207781e+00
1.179561778003893835e+01
-1.172381020465332391e+01
-5.481069514368471118e+00
5.481069514368470230e+00
-1.172381020465332391e+01
1.172381020465332568e+01
5.481069514368470230e+00
51.5 1
-5.715605927223694316e+00
1.186625266358788444e+01
-1.179561778003899519e+01
-5.597981611681122516e+00
5.597981611681121628e+00
-1.179561778003899519e+01
1.179561778003899697e+01
5.597981611681121628e+00
52.0 1
-5.833930698662482150e+00
1.193570779187061426e+01
-1.186625266358794306e+01
-5.715605927223609051e+00
5.715605927223608163e+00
-1.186625266358794306e+01
1.186625266358794484e+01
5.715605927223608163e+00
52.0 1
-5.833930698662482150e+00
1.193570779187061426e+01
-1.186625266358794306e+01
-5.715605927223609051e+00
5.715605927223608163e+00
-1.186625266358794306e+01
1.186625266358794484e+01
5.715605927223608163e+00
52.0 1
-5.833930698662482150e+00
1.193570779187061426e+01
-1.186625266358794306e+01
-5.715605927223609051e+00
5.715605927223608163e+00
-1.186625266358794306e+01
1.186625266358794484e+01
5.715605927223608163e+00
52.5 1
-5.952944093619030319e+00
1.200397621943217885e+01
-1.193570779187067465e+01
-5.833930698662395997e+00
5.833930698662395109e+00
-1.193570779187067465e+01
1.193570779187067643e+01
5.833930698662395109e+00
53.0 1
-6.072634210853020242e+00
1.207105111948671095e+01
-1.200397621943223925e+01
-5.952944093618943278e+00
5.952944093618942389e+00
-1.200397621943223925e+01
1.200397621943224102e+01
5.952944093618942389e+00
53.0 1
-6.072634210853020242e+00
1.207105111948671095e+01
-1.200397621943223925e+01
-5.952944093618943278e+00
5.952944093618942389e+00
-1.200397621943223925e+01
1.200397621943224102e+01
5.952944093618942389e+00
53.0 1
-6.072634210853020242e+00
1.207105111948671095e+01
-1.200397621943223925e+01
-5.952944093618943278e+00
5.952944093618942389e+00
-1.200397621943223925e+01
1.200397621943224102e+01
5.952944093618942389e+00
53.5 1
-6.192989081452470401e+00
1.213692578460010196e+01
-1.207105111948677312e+01
-6.072634210852932313e+00
6.072634210852931425e+00
-1.207105111948677312e+01
1.207105111948677489e+01
6.072634210852931425e+00
54.0 1
-6.313996670030616265e+00
1.220159362736073483e+01
-1.213692578460016414e+01
-6.192989081452381583e+00
6.192989081452380695e+00
-1.213692578460016414e+01
1.213692578460016591e+01
6.192989081452380695e+00
54.0 1
-6.313996670030616265e+00
1.220159362736073483e+01
-1.213692578460016414e+01
-6.192989081452381583e+00
6.192989081452380695e+00
-1.213692578460016414e+01
1.213692578460016591e+01
6.192989081452380695e+00
54.0 1
-6.313996670030616265e+00
1.220159362736073483e+01
-1.213692578460016414e+01
-6.192989081452381583e+00
6.192989081452380695e+00
-1.213692578460016414e+01
1.213692578460016591e+01
6.192989081452380695e+00
54.5 1
-6.435644875929439124e+00
1.226504818103822281e+01
-1.220159362736079878e+01
-6.313996670030526559e+00
6.313996670030525671e+00
-1.220159362736079878e+01
1.220159362736080055e+01
6.313996670030525671e+00
55.0 1
-6.557921534429722143e+00
1.232728310023007801e+01
-1.226504818103828853e+01
-6.435644875929348530e+00
6.435644875929347641e+00
-1.226504818103828853e+01
1.226504818103829031e+01
6.435644875929347641e+00
55.0 1
-6.557921534429722143e+00
1.232728310023007801e+01
-1.226504818103828853e+01
-6.435644875929348530e+00
6.435644875929347641e+00
-1.226504818103828853e+01
1.226504818103829031e+01
6.435644875929347641e+00
55.0 1
-6.557921534429722143e+00
1.232728310023007801e+01
-1.226504818103828853e+01
-6.435644875929348530e+00
6.435644875929347641e+00
-1.226504818103828853e+01
1.226504818103829031e+01
6.435644875929347641e+00
55.5 1
-6.680814417967512853e+00
1.238829216149624379e+01
-1.232728310023014551e+01
-6.557921534429631549e+00
6.557921534429630661e+00
-1.232728310023014551e+01
1.232728310023014728e+01
6.557921534429630661e+00
56.0 1
-6.804311237356867714e+00
1.244806926398143254e+01
-1.238829216149631129e+01
-6.680814417967421370e+00
6.680814417967420482e+00
-1.238829216149631129e+01
1.238829216149631307e+01
6.680814417967420482e+00
56.0 1
-6.804311237356867714e+00
1.244806926398143254e+01
-1.238829216149631129e+01
-6.680814417967421370e+00
6.680814417967420482e+00
-1.238829216149631129e+01
1.238829216149631307e+01
6.680814417967420482e+00
56.0 1
-6.804311237356867714e+00
1.244806926398143254e+01
-1.238829216149631129e+01
-6.680814417967421370e+00
6.680814417967420482e+00
-1.238829216149631129e+01
1.238829216149631307e+01
6.680814417967420482e+00
56.5 1
-6.928399643018760656e+00
1.250660843002521183e+01
-1.244806926398150182e+01
-6.804311237356775344e+00
6.804311237356774456e+00
-1.244806926398150182e+01
1.244806926398150360e+01
6.804311237356774456e+00
57.0 1
-7.053067226216032992e+00
1.256390380575975918e+01
-1.250660843002528289e+01
-6.928399643018668286e+00
6.928399643018667398e+00
-1.250660843002528289e+01
1.250660843002528466e+01
6.928399643018667398e+00
57.0 1
-7.053067226216032992e+00
1.256390380575975918e+01
-1.250660843002528289e+01
-6.928399643018668286e+00
6.928399643018667398e+00
-1.250660843002528289e+01
1.250660843002528466e+01
6.928399643018667398e+00
57.0 1
-7.053067226216032992e+00
1.256390380575975918e+01
-1.250660843002528289e+01
-6.928399643018668286e+00
6.928399643018667398e+00
-1.250660843002528289e+01
1.250660843002528466e+01
6.928399643018667398e+00
57.5 1
-7.178301520294254168e+00
1.261994966169524623e+01
-1.256390380575983023e+01
-7.053067226215939733e+00
7.053067226215938845e+00
-1.256390380575983023e+01
1.256390380575983201e+01
7.053067226215938845e+00
58.0 1
-7.304090001928377873e+00
1.267474039329278490e+01
-1.261994966169531907e+01
-7.178301520294160021e+00
7.178301520294159133e+00
-1.261994966169531907e+01
1.261994966169532084e+01
7.178301520294159133e+00
58.0 1
-7.304090001928377873e+00
1.267474039329278490e+01
-1.261994966169531907e+01
-7.178301520294160021e+00
7.178301520294159133e+00
-1.261994966169531907e+01
1.261994966169532084e+01
7.178301520294159133e+00
58.0 1
-7.304090001928377873e+00
1.267474039329278490e+01
-1.261994966169531907e+01
-7.178301520294160021e+00
7.178301520294159133e+00
-1.261994966169531907e+01
1.261994966169532084e+01
7.178301520294159133e+00
58.5 1
-7.430420092375063845e+00
1.272827052152487326e+01
-1.267474039329285773e+01
-7.304090001928282838e+00
7.304090001928281950e+00
-1.267474039329285773e+01
1.267474039329286128e+01
7.304090001928281950e+00
59.0 1
-7.557279158730541901e+00
1.278053469342329684e+01
-1.272827052152494787e+01
-7.430420092374967922e+00
7.430420092374967034e+00
-1.272827052152494787e+01
1.272827052152495142e+01
7.430420092374967034e+00
59.0 1
-7.557279158730541901e+00
1.278053469342329684e+01
-1.272827052152494787e+01
-7.430420092374967922e+00
7.430420092374967034e+00
-1.272827052152494787e+01
1.272827052152495142e+01
7.430420092374967034e+00
59.0 1
-7.557279158730541901e+00
1.278053469342329684e+01
-1.272827052152494787e+01
-7.430420092374967922e+00
7.430420092374967034e+00
-1.272827052152494787e+01
1.272827052152495142e+01
7.430420092374967034e+00
59.5 1
-7.684654515193892976e+00
1.283152768261441956e+01
-1.278053469342337323e+01
-7.557279158730445978e+00
7.557279158730445090e+00
-1.278053469342337323e+01
1.278053469342337678e+01
7.557279158730445090e+00
60.0 1
-7.812533424335615706e+00
1.288124438984181630e+01
-1.283152768261449772e+01
-7.684654515193796165e+00
7.684654515193795277e+00
-1.283152768261449772e+01
1.283152768261450127e+01
7.684654515193795277e+00
60.0 1
-7.812533424335615706e+00
1.288124438984181630e+01
-1.283152768261449772e+01
-7.684654515193796165e+00
7.684654515193795277e+00
-1.283152768261449772e+01
1.283152768261450127e+01
7.684654515193795277e+00
60.0 1
-7.812533424335615706e+00
1.288124438984181630e+01
-1.283152768261449772e+01
-7.684654515193796165e+00
7.684654515193795277e+00
-1.283152768261449772e+01
1.283152768261450127e+01
7.684654515193795277e+00
60.5 1
-7.940903098371361324e+00
1.292967984347619570e+01
-1.288124438984189624e+01
-7.812533424335518895e+00
7.812533424335518006e+00
-1.288124438984189624e+01
1.288124438984189979e+01
7.812533424335518006e+00
61.0 1
-8.069750700440701863e+00
1.297682920001255624e+01
-1.292967984347627564e+01
-7.940903098371264512e+00
7.940903098371263624e+00
-1.292967984347627564e+01
1.292967984347627919e+01
7.940903098371263624e+00
61.0 1
-8.069750700440701863e+00
1.297682920001255624e+01
-1.292967984347627564e+01
-7.940903098371264512e+00
7.940903098371263624e+00
-1.292967984347627564e+01
1.292967984347627919e+01
7.940903098371263624e+00
61.0 1
-8.069750700440701863e+00
1.297682920001255624e+01
-1.292967984347627564e+01
-7.940903098371264512e+00
7.940903098371263624e+00
-1.292967984347627564e+01
1.292967984347627919e+01
7.940903098371263624e+00
61.5 1
-8.199063345890801102e+00
1.302268774455453482e+01
-1.297682920001263618e+01
-8.069750700440604163e+00
8.069750700440602387e+00
-1.297682920001263618e+01
1.297682920001263973e+01
8.069750700440602387e+00
62.0 1
-8.328828103564875462e+00
1.306725089128589268e+01
-1.302268774455461475e+01
-8.199063345890703403e+00
8.199063345890701626e+00
-1.302268774455461475e+01
1.302268774455461831e+01
8.199063345890701626e+00
62.0 1
-8.328828103564875462e+00
1.306725089128589268e+01
-1.302268774455461475e+01
-8.199063345890703403e+00
8.199063345890701626e+00
-1.302268774455461475e+01
1.302268774455461831e+01
8.199063345890701626e+00
62.0 1
-8.328828103564875462e+00
1.306725089128589268e+01
-1.302268774455461475e+01
-8.199063345890703403e+00
8.199063345890701626e+00
-1.302268774455461475e+01
1.302268774455461831e+01
8.199063345890701626e+00
62.5 1
-8.459031997095294741e+00
1.311051418392909262e+01
-1.306725089128597261e+01
-8.328828103564777763e+00
8.328828103564775986e+00
-1.306725089128597261e+01
1.306725089128597617e+01
8.328828103564775986e+00
63.0 1
-8.589662006201207234e+00
1.315247329619092298e+01
-1.311051418392917256e+01
-8.459031997095195266e+00
8.459031997095193489e+00
-1.311051418392917256e+01
1.311051418392917611e+01
8.459031997095193489e+00
63.0 1
-8.589662006201207234e+00
1.315247329619092298e+01
-1.311051418392917256e+01
-8.459031997095195266e+00
8.459031997095193489e+00
-1.311051418392917256e+01
1.311051418392917611e+01
8.459031997095193489e+00
63.0 1
-8.589662006201207234e+00
1.315247329619092298e+01
-1.311051418392917256e+01
-8.459031997095195266e+00
8.459031997095193489e+00
-1.311051418392917256e+01
1.311051418392917611e+01
8.459031997095193489e+00
63.5 1
-8.720705067990561332e+00
1.319312403219512220e+01
-1.315247329619100292e+01
-8.589662006201107758e+00
8.589662006201105982e+00
-1.315247329619100292e+01
1.315247329619100647e+01
8.589662006201105982e+00
64.0 1
-8.852148078266381503e+00
1.323246232690196678e+01
-1.319312403219520391e+01
-8.720705067990461856e+00
8.720705067990460080e+00
-1.319312403219520391e+01
1.319312403219520746e+01
8.720705067990460080e+00
64.0 1
-8.852148078266381503e+00
1.323246232690196678e+01
-1.319312403219520391e+01
-8.720705067990461856e+00
8.720705067990460080e+00
-1.319312403219520391e+01
1.319312403219520746e+01
8.720705067990460080e+00
64.0 1
-8.852148078266381503e+00
1.323246232690196678e+01
-1.319312403219520391e+01
-8.720705067990461856e+00
8.720705067990460080e+00
-1.319312403219520391e+01
1.319312403219520746e+01
8.720705067990460080e+00
64.5 1
-8.983977892837174295e+00
1.327048424651476743e+01
-1.323246232690205026e+01
-8.852148078266280251e+00
8.852148078266278475e+00
-1.323246232690205026e+01
1.323246232690205382e+01
8.852148078266278475e+00
65.0 1
-9.116181328831340025e+00
1.330718598887324866e+01
-1.327048424651485270e+01
-8.983977892837071266e+00
8.983977892837069490e+00
-1.327048424651485270e+01
1.327048424651485625e+01
8.983977892837069490e+00
65.0 1
-9.116181328831340025e+00
1.330718598887324866e+01
-1.327048424651485270e+01
-8.983977892837071266e+00
8.983977892837069490e+00
-1.327048424651485270e+01
1.327048424651485625e+01
8.983977892837069490e+00
65.0 1
-9.116181328831340025e+00
1.330718598887324866e+01
-1.327048424651485270e+01
-8.983977892837071266e+00
8.983977892837069490e+00
-1.327048424651485270e+01
1.327048424651485625e+01
8.983977892837069490e+00
65.5 1
-9.248745166015448049e+00
1.334256388383375835e+01
-1.330718598887333570e+01
-9.116181328831236996e+00
9.116181328831235220e+00
-1.330718598887333570e+01
1.330718598887333926e+01
9.116181328831235220e+00
66.0 1
-9.381656148116251259e+00
1.337661439363628268e+01
-1.334256388383384717e+01
-9.248745166015345021e+00
9.248745166015343244e+00
-1.334256388383384717e+01
1.334256388383385072e+01
9.248745166015343244e+00
66.0 1
-9.381656148116251259e+00
1.337661439363628268e+01
-1.334256388383384717e+01
-9.248745166015345021e+00
9.248745166015343244e+00
-1.334256388383384717e+01
1.334256388383385072e+01
9.248745166015343244e+00
66.0 1
-9.381656148116251259e+00
1.337661439363628268e+01
-1.334256388383384717e+01
-9.248745166015345021e+00
9.248745166015343244e+00
-1.334256388383384717e+01
1.334256388383385072e+01
9.248745166015343244e+00
66.5 1
-9.514900984146297702e+00
1.340933411325821645e+01
-1.337661439363637150e+01
-9.381656148116148231e+00
9.381656148116146454e+00
-1.337661439363637150e+01
1.337661439363637506e+01
9.381656148116146454e+00
67.0 1
-9.648466349733020309e+00
1.344071977075486224e+01
-1.340933411325830527e+01
-9.514900984146194673e+00
9.514900984146192897e+00
-1.340933411325830527e+01
1.340933411325830882e+01
9.514900984146192897e+00
67.0 1
-9.648466349733020309e+00
1.344071977075486224e+01
-1.340933411325830527e+01
-9.514900984146194673e+00
9.514900984146192897e+00
-1.340933411325830527e+01
1.340933411325830882e+01
9.514900984146192897e+00
67.0 1
-9.648466349733020309e+00
1.344071977075486224e+01
-1.340933411325830527e+01
-9.514900984146194673e+00
9.514900984146192897e+00
-1.340933411325830527e+01
1.340933411325830882e+01
9.514900984146192897e+00
67.5 1
-9.782338888451166170e+00
1.347076822758662651e+01
-1.344071977075495283e+01
-9.648466349732917280e+00
9.648466349732915504e+00
-1.344071977075495283e+01
1.344071977075495639e+01
9.648466349732915504e+00
68.0 1
-9.916505213158421483e+00
1.349947647893286629e+01
-1.347076822758671888e+01
-9.782338888451063141e+00
9.782338888451061365e+00
-1.347076822758671888e+01
1.347076822758672243e+01
9.782338888451061365e+00
68.0 1
-9.916505213158421483e+00
1.349947647893286629e+01
-1.347076822758671888e+01
-9.782338888451063141e+00
9.782338888451061365e+00
-1.347076822758671888e+01
1.347076822758672243e+01
9.782338888451061365e+00
68.0 1
-9.916505213158421483e+00
1.349947647893286629e+01
-1.347076822758671888e+01
-9.782338888451063141e+00
9.782338888451061365e+00
-1.347076822758671888e+01
1.347076822758672243e+01
9.782338888451061365e+00
68.5 1
-1.005095190733412203e+01
1.352684165399237060e+01
-1.349947647893296043e+01
-9.916505213158318455e+00
9.916505213158316678e+00
-1.349947647893296043e+01
1.349947647893296399e+01
9.916505213158316678e+00
69.0 1
-1.018566552642088929e+01
1.355286101627043749e+01
-1.352684165399246652e+01
-1.005095190733401900e+01
1.005095190733401722e+01
-1.352684165399246652e+01
1.352684165399247007e+01
1.005095190733401722e+01
69.0 1
-1.018566552642088929e+01
1.355286101627043749e+01
-1.352684165399246652e+01
-1.005095190733401900e+01
1.005095190733401722e+01
-1.352684165399246652e+01
1.352684165399247007e+01
1.005095190733401722e+01
69.0 1
-1.018566552642088929e+01
1.355286101627043749e+01
-1.352684165399246652e+01
-1.005095190733401900e+01
1.005095190733401722e+01
-1.352684165399246652e+01
1.352684165399247007e+01
1.005095190733401722e+01
69.5 1
-1.032063259916907327e+01
1.357753196385252181e+01
-1.355286101627053341e+01
-1.018566552642078626e+01
1.018566552642078449e+01
-1.355286101627053341e+01
1.355286101627053874e+01
1.018566552642078449e+01
70.0 1
-1.045583962898387398e+01
1.360085202966442353e+01
-1.357753196385261774e+01
-1.032063259916897024e+01
1.032063259916896847e+01
-1.357753196385261774e+01
1.357753196385262306e+01
1.032063259916896847e+01
70.0 1
-1.045583962898387398e+01
1.360085202966442353e+01
-1.357753196385261774e+01
-1.032063259916897024e+01
1.032063259916896847e+01
-1.357753196385261774e+01
1.357753196385262306e+01
1.032063259916896847e+01
70.0 1
-1.045583962898387398e+01
1.360085202966442353e+01
-1.357753196385261774e+01
-1.032063259916897024e+01
1.032063259916896847e+01
-1.357753196385261774e+01
1.357753196385262306e+01
1.032063259916896847e+01
70.5 1
-1.059127309527498007e+01
1.362281888171899524e+01
-1.360085202966452123e+01
-1.045583962898377095e+01
1.045583962898376917e+01
-1.360085202966452123e+01
1.360085202966452655e+01
1.045583962898376917e+01
71.0 1
-1.072691945480862508e+01
1.364343032334933881e+01
-1.362281888171909472e+01
-1.059127309527487704e+01
1.059127309527487526e+01
-1.362281888171909472e+01
1.362281888171910005e+01
1.059127309527487526e+01
71.0 1
-1.072691945480862508e+01
1.364343032334933881e+01
-1.362281888171909472e+01
-1.059127309527487704e+01
1.059127309527487526e+01
-1.362281888171909472e+01
1.362281888171910005e+01
1.059127309527487526e+01
71.0 1
-1.072691945480862508e+01
1.364343032334933881e+01
-1.362281888171909472e+01
-1.059127309527487704e+01
1.059127309527487526e+01
-1.362281888171909472e+01
1.362281888171910005e+01
1.059127309527487526e+01
71.5 1
-1.086276514306189256e+01
1.366268429342846602e+01
-1.364343032334943828e+01
-1.072691945480852027e+01
1.072691945480851849e+01
-1.364343032334943828e+01
1.364343032334944361e+01
1.072691945480851849e+01
72.0 1
-1.099879657557916168e+01
1.368057886657541289e+01
-1.366268429342856727e+01
-1.086276514306178775e+01
1.086276514306178598e+01
-1.366268429342856727e+01
1.366268429342857260e+01
1.086276514306178598e+01
72.0 1
-1.099879657557916168e+01
1.368057886657541289e+01
-1.366268429342856727e+01
-1.086276514306178775e+01
1.086276514306178598e+01
-1.366268429342856727e+01
1.366268429342857260e+01
1.086276514306178598e+01
72.0 1
-1.099879657557916168e+01
1.368057886657541289e+01
-1.366268429342856727e+01
-1.086276514306178775e+01
1.086276514306178598e+01
-1.366268429342856727e+01
1.366268429342857260e+01
1.086276514306178598e+01
72.5 1
-1.113500014933054061e+01
1.369711225334777893e+01
-1.368057886657551592e+01
-1.099879657557905688e+01
1.099879657557905510e+01
-1.368057886657551592e+01
1.368057886657552125e+01
1.099879657557905510e+01
73.0 1
-1.127136224407215614e+01
1.371228280042066316e+01
-1.369711225334788196e+01
-1.113500014933043403e+01
1.113500014933043225e+01
-1.369711225334788196e+01
1.369711225334788729e+01
1.113500014933043225e+01
73.0 1
-1.127136224407215614e+01
1.371228280042066316e+01
-1.369711225334788196e+01
-1.113500014933043403e+01
1.113500014933043225e+01
-1.369711225334788196e+01
1.369711225334788729e+01
1.113500014933043225e+01
73.0 1
-1.127136224407215614e+01
1.371228280042066316e+01
-1.369711225334788196e+01
-1.113500014933043403e+01
1.113500014933043225e+01
-1.369711225334788196e+01
1.369711225334788729e+01
1.113500014933043225e+01
73.5 1
-1.140786922370816825e+01
1.372608899075200029e+01
-1.371228280042076797e+01
-1.127136224407204956e+01
1.127136224407204779e+01
-1.371228280042076797e+01
1.371228280042077330e+01
1.127136224407204779e+01
74.0 1
-1.154450743765436904e+01
1.373852944373426332e+01
-1.372608899075210687e+01
-1.140786922370806167e+01
1.140786922370805989e+01
-1.372608899075210687e+01
1.372608899075211220e+01
1.140786922370805989e+01
74.0 1
-1.154450743765436904e+01
1.373852944373426332e+01
-1.372608899075210687e+01
-1.140786922370806167e+01
1.140786922370805989e+01
-1.372608899075210687e+01
1.372608899075211220e+01
1.140786922370805989e+01
74.0 1
-1.154450743765436904e+01
1.373852944373426332e+01
-1.372608899075210687e+01
-1.140786922370806167e+01
1.140786922370805989e+01
-1.372608899075210687e+01
1.372608899075211220e+01
1.140786922370805989e+01
74.5 1
-1.168126322220322955e+01
1.374960291533252033e+01
-1.373852944373437168e+01
-1.154450743765426246e+01
1.154450743765426068e+01
-1.373852944373437168e+01
1.373852944373437701e+01
1.154450743765426068e+01
75.0 1
-1.181812290189025738e+01
1.375930829820883972e+01
-1.374960291533263046e+01
-1.168126322220312296e+01
1.168126322220312119e+01
-1.374960291533263046e+01
1.374960291533263579e+01
1.168126322220312119e+01
75.0 1
-1.181812290189025738e+01
1.375930829820883972e+01
-1.374960291533263046e+01
-1.168126322220312296e+01
1.168126322220312119e+01
-1.374960291533263046e+01
1.374960291533263579e+01
1.168126322220312119e+01
75.0 1
-1.181812290189025738e+01
1.375930829820883972e+01
-1.374960291533263046e+01
-1.168126322220312296e+01
1.168126322220312119e+01
-1.374960291533263046e+01
1.374960291533263579e+01
1.168126322220312119e+01
75.5 1
-1.195507279086153218e+01
1.376764462183302129e+01
-1.375930829820895163e+01
-1.181812290189015080e+01
1.181812290189014902e+01
-1.375930829820895163e+01
1.375930829820895696e+01
1.181812290189014902e+01
76.0 1
-1.209209919424228197e+01
1.377461105257965102e+01
-1.376764462183313498e+01
-1.195507279086142560e+01
1.195507279086142383e+01
-1.376764462183313498e+01
1.376764462183314031e+01
1.195507279086142383e+01
76.0 1
-1.209209919424228197e+01
1.377461105257965102e+01
-1.376764462183313498e+01
-1.195507279086142560e+01
1.195507279086142383e+01
-1.376764462183313498e+01
1.376764462183314031e+01
1.195507279086142383e+01
76.0 1
-1.209209919424228197e+01
1.377461105257965102e+01
-1.376764462183313498e+01
-1.195507279086142560e+01
1.195507279086142383e+01
-1.376764462183313498e+01
1.376764462183314031e+01
1.195507279086142383e+01
76.5 1
-1.222918840950635833e+01
1.378020689381145658e+01
-1.377461105257976470e+01
-1.209209919424217539e+01
1.209209919424217361e+01
-1.377461105257976470e+01
1.377461105257977003e+01
1.209209919424217361e+01
77.0 1
-1.236632672784647369e+01
1.378443158594898144e+01
-1.378020689381157204e+01
-1.222918840950625174e+01
1.222918840950624997e+01
-1.378020689381157204e+01
1.378020689381157737e+01
1.222918840950624997e+01
77.0 1
-1.236632672784647369e+01
1.378443158594898144e+01
-1.378020689381157204e+01
-1.222918840950625174e+01
1.222918840950624997e+01
-1.378020689381157204e+01
1.378020689381157737e+01
1.222918840950624997e+01
77.0 1
-1.236632672784647369e+01
1.378443158594898144e+01
-1.378020689381157204e+01
-1.222918840950625174e+01
1.222918840950624997e+01
-1.378020689381157204e+01
1.378020689381157737e+01
1.222918840950624997e+01
77.5 1
-1.250350043554507629e+01
1.378728470652652938e+01
-1.378443158594909690e+01
-1.236632672784636711e+01
1.236632672784636533e+01
-1.378443158594909690e+01
1.378443158594910223e+01
1.236632672784636533e+01
78.0 1
-1.264069581534570652e+01
1.378876597023442230e+01
-1.378728470652664662e+01
-1.250350043554496970e+01
1.250350043554496793e+01
-1.378728470652664662e+01
1.378728470652665195e+01
1.250350043554496793e+01
78.0 1
-1.264069581534570652e+01
1.378876597023442230e+01
-1.378728470652664662e+01
-1.250350043554496970e+01
1.250350043554496793e+01
-1.378728470652664662e+01
1.378728470652665195e+01
1.250350043554496793e+01
78.0 1
-1.264069581534570652e+01
1.378876597023442230e+01
-1.378728470652664662e+01
-1.250350043554496970e+01
1.250350043554496793e+01
-1.378728470652664662e+01
1.378728470652665195e+01
1.250350043554496793e+01
78.5 1
-1.277789914782471570e+01
1.378887522894752315e+01
-1.378876597023454131e+01
-1.264069581534559994e+01
1.264069581534559816e+01
-1.378876597023454131e+01
1.378876597023454664e+01
1.264069581534559816e+01
79.0 1
-1.291509671276318905e+01
1.378761247174005078e+01
-1.378887522894764217e+01
-1.277789914782460912e+01
1.277789914782460734e+01
-1.378887522894764217e+01
1.378887522894764750e+01
1.277789914782460734e+01
79.0 1
-1.291509671276318905e+01
1.378761247174005078e+01
-1.378887522894764217e+01
-1.277789914782460912e+01
1.277789914782460734e+01
-1.378887522894764217e+01
1.378887522894764750e+01
1.277789914782460734e+01
79.0 1
-1.291509671276318905e+01
1.378761247174005078e+01
-1.378887522894764217e+01
-1.277789914782460912e+01
1.277789914782460734e+01
-1.378887522894764217e+01
1.378887522894764750e+01
1.277789914782460734e+01
79.5 1
-1.305227479051896466e+01
1.378497782488667411e+01
-1.378761247174017157e+01
-1.291509671276308246e+01
1.291509671276308069e+01
-1.378761247174017157e+01
1.378761247174017690e+01
1.291509671276308069e+01
80.0 1
-1.318941966339858141e+01
1.378097155184988409e+01
-1.378497782488679668e+01
-1.305227479051885808e+01
1.305227479051885631e+01
-1.378497782488679668e+01
1.378497782488680201e+01
1.305227479051885631e+01
80.0 1
-1.318941966339858141e+01
1.378097155184988409e+01
-1.378497782488679668e+01
-1.305227479051885808e+01
1.305227479051885631e+01
-1.378497782488679668e+01
1.378497782488680201e+01
1.305227479051885631e+01
80.0 1
-1.318941966339858141e+01
1.378097155184988409e+01
-1.378497782488679668e+01
-1.305227479051885808e+01
1.305227479051885631e+01
-1.378497782488679668e+01
1.378497782488680201e+01
1.305227479051885631e+01
80.5 1
-1.332651761702903848e+01
1.377559405325364494e+01
-1.378097155185000844e+01
-1.318941966339847482e+01
1.318941966339847305e+01
-1.378097155185000844e+01
1.378097155185001377e+01
1.318941966339847305e+01
81.0 1
-1.346355494172922107e+01
1.376884586684333556e+01
-1.377559405325377107e+01
-1.332651761702893189e+01
1.332651761702893012e+01
-1.377559405325377107e+01
1.377559405325377639e+01
1.332651761702893012e+01
81.0 1
-1.346355494172922107e+01
1.376884586684333556e+01
-1.377559405325377107e+01
-1.332651761702893189e+01
1.332651761702893012e+01
-1.377559405325377107e+01
1.377559405325377639e+01
1.332651761702893012e+01
81.0 1
-1.346355494172922107e+01
1.376884586684333556e+01
-1.377559405325377107e+01
-1.332651761702893189e+01
1.332651761702893012e+01
-1.377559405325377107e+01
1.377559405325377639e+01
1.332651761702893012e+01
81.5 1
-1.360051793388085706e+01
1.376072766743197207e+01
-1.376884586684346168e+01
-1.346355494172911449e+01
1.346355494172911271e+01
-1.376884586684346168e+01
1.376884586684346701e+01
1.346355494172911271e+01
82.0 1
-1.373739289729886615e+01
1.375124026683273115e+01
-1.376072766743209996e+01
-1.360051793388075048e+01
1.360051793388074870e+01
-1.376072766743209996e+01
1.376072766743210529e+01
1.360051793388074870e+01
82.0 1
-1.373739289729886615e+01
1.375124026683273115e+01
-1.376072766743209996e+01
-1.360051793388075048e+01
1.360051793388074870e+01
-1.376072766743209996e+01
1.376072766743210529e+01
1.360051793388074870e+01
82.0 1
-1.373739289729886615e+01
1.375124026683273115e+01
-1.376072766743209996e+01
-1.360051793388075048e+01
1.360051793388074870e+01
-1.376072766743209996e+01
1.376072766743210529e+01
1.360051793388074870e+01
82.5 1
-1.387416614460096831e+01
1.374038461377776699e+01
-1.375124026683286083e+01
-1.373739289729875956e+01
1.373739289729875779e+01
-1.375124026683286083e+01
1.375124026683286615e+01
1.373739289729875779e+01
83.0 1
-1.401082399857641114e+01
1.372816179382333956e+01
-1.374038461377789844e+01
-1.387416614460086173e+01
1.387416614460085995e+01
-1.374038461377789844e+01
1.374038461377790377e+01
1.387416614460085995e+01
83.0 1
-1.401082399857641114e+01
1.372816179382333956e+01
-1.374038461377789844e+01
-1.387416614460086173e+01
1.387416614460085995e+01
-1.374038461377789844e+01
1.374038461377790377e+01
1.387416614460085995e+01
83.0 1
-1.401082399857641114e+01
1.372816179382333956e+01
-1.374038461377789844e+01
-1.387416614460086173e+01
1.387416614460085995e+01
-1.374038461377789844e+01
1.374038461377790377e+01
1.387416614460085995e+01
83.5 1
-1.414735279355367759e+01
1.371457302924125798e+01
-1.372816179382347279e+01
-1.401082399857630456e+01
1.401082399857630278e+01
-1.372816179382347279e+01
1.372816179382347812e+01
1.401082399857630278e+01
84.0 1
-1.428373887676704435e+01
1.369961967889665644e+01
-1.371457302924139121e+01
-1.414735279355357100e+01
1.414735279355356923e+01
-1.371457302924139121e+01
1.371457302924139654e+01
1.414735279355356923e+01
84.0 1
-1.428373887676704435e+01
1.369961967889665644e+01
-1.371457302924139121e+01
-1.414735279355357100e+01
1.414735279355356923e+01
-1.371457302924139121e+01
1.371457302924139654e+01
1.414735279355356923e+01
84.0 1
-1.428373887676704435e+01
1.369961967889665644e+01
-1.371457302924139121e+01
-1.414735279355357100e+01
1.414735279355356923e+01
-1.371457302924139121e+01
1.371457302924139654e+01
1.414735279355356923e+01
84.5 1
-1.441996860972184358e+01
1.368330323811210825e+01
-1.369961967889678967e+01
-1.428373887676693776e+01
1.428373887676693599e+01
-1.369961967889678967e+01
1.369961967889679499e+01
1.428373887676693599e+01
85.0 1
-1.455602836955830526e+01
1.366562533851809391e+01
-1.368330323811224147e+01
-1.441996860972173700e+01
1.441996860972173522e+01
-1.368330323811224147e+01
1.368330323811224680e+01
1.441996860972173522e+01
85.0 1
-1.455602836955830526e+01
1.366562533851809391e+01
-1.368330323811224147e+01
-1.441996860972173700e+01
1.441996860972173522e+01
-1.368330323811224147e+01
1.368330323811224680e+01
1.441996860972173522e+01
85.0 1
-1.455602836955830526e+01
1.366562533851809391e+01
-1.368330323811224147e+01
-1.441996860972173700e+01
1.441996860972173522e+01
-1.368330323811224147e+01
1.368330323811224680e+01
1.441996860972173522e+01
85.5 1
-1.469190455041382926e+01
1.364658774788984275e+01
-1.366562533851822892e+01
-1.455602836955819868e+01
1.455602836955819690e+01
-1.366562533851822892e+01
1.366562533851823424e+01
1.455602836955819690e+01
86.0 1
-1.482758356478355743e+01
1.362619236997055161e+01
-1.364658774788997952e+01
-1.469190455041372267e+01
1.469190455041372090e+01
-1.364658774788997952e+01
1.364658774788998485e+01
1.469190455041372090e+01
86.0 1
-1.482758356478355743e+01
1.362619236997055161e+01
-1.364658774788997952e+01
-1.469190455041372267e+01
1.469190455041372090e+01
-1.364658774788997952e+01
1.364658774788998485e+01
1.469190455041372090e+01
86.0 1
-1.482758356478355743e+01
1.362619236997055161e+01
-1.364658774788997952e+01
-1.469190455041372267e+01
1.469190455041372090e+01
-1.364658774788997952e+01
1.364658774788998485e+01
1.469190455041372090e+01
86.5 1
-1.496305184487911966e+01
1.360444124428101809e+01
-1.362619236997069017e+01
-1.482758356478345085e+01
1.482758356478344908e+01
-1.362619236997069017e+01
1.362619236997069549e+01
1.482758356478344908e+01
87.0 1
-1.509829584398539737e+01
1.358133654591568451e+01
-1.360444124428115664e+01
-1.496305184487901307e+01
1.496305184487901130e+01
-1.360444124428115664e+01
1.360444124428116197e+01
1.496305184487901130e+01
87.0 1
-1.509829584398539737e+01
1.358133654591568451e+01
-1.360444124428115664e+01
-1.496305184487901307e+01
1.496305184487901130e+01
-1.360444124428115664e+01
1.360444124428116197e+01
1.496305184487901130e+01
87.0 1
-1.509829584398539737e+01
1.358133654591568451e+01
-1.360444124428115664e+01
-1.496305184487901307e+01
1.496305184487901130e+01
-1.360444124428115664e+01
1.360444124428116197e+01
1.496305184487901130e+01
87.5 1
-1.523330203781518044e+01
1.355688058532513196e+01
-1.358133654591582307e+01
-1.509829584398529079e+01
1.509829584398528901e+01
-1.358133654591582307e+01
1.358133654591582840e+01
1.509829584398528901e+01
88.0 1
-1.536805692586159289e+01
1.353107580808504196e+01
-1.355688058532527229e+01
-1.523330203781507386e+01
1.523330203781507208e+01
-1.355688058532527229e+01
1.355688058532527762e+01
1.523330203781507208e+01
88.0 1
-1.536805692586159289e+01
1.353107580808504196e+01
-1.355688058532527229e+01
-1.523330203781507386e+01
1.523330203781507208e+01
-1.355688058532527229e+01
1.355688058532527762e+01
1.523330203781507208e+01
88.0 1
-1.536805692586159289e+01
1.353107580808504196e+01
-1.355688058532527229e+01
-1.523330203781507386e+01
1.523330203781507208e+01
-1.355688058532527229e+01
1.355688058532527762e+01
1.523330203781507208e+01
88.5 1
-1.550254703274812407e+01
1.350392479465163298e+01
-1.353107580808518406e+01
-1.536805692586148631e+01
1.536805692586148453e+01
-1.353107580808518406e+01
1.353107580808518939e+01
1.536805692586148453e+01
89.0 1
-1.563675890957616055e+01
1.347543026010362333e+01
-1.350392479465177686e+01
-1.550254703274801749e+01
1.550254703274801571e+01
-1.350392479465177686e+01
1.350392479465178219e+01
1.550254703274801571e+01
89.0 1
-1.563675890957616055e+01
1.347543026010362333e+01
-1.350392479465177686e+01
-1.550254703274801749e+01
1.550254703274801571e+01
-1.350392479465177686e+01
1.350392479465178219e+01
1.550254703274801571e+01
89.0 1
-1.563675890957616055e+01
1.347543026010362333e+01
-1.350392479465177686e+01
-1.550254703274801749e+01
1.550254703274801571e+01
-1.350392479465177686e+01
1.350392479465178219e+01
1.550254703274801571e+01
89.5 1
-1.577067913526986231e+01
1.344559505387072207e+01
-1.347543026010376899e+01
-1.563675890957605397e+01
1.563675890957605219e+01
-1.347543026010376899e+01
1.347543026010377432e+01
1.563675890957605219e+01
90.0 1
-1.590429431791825898e+01
1.341442215944869076e+01
-1.344559505387086951e+01
-1.577067913526975573e+01
1.577067913526975396e+01
-1.344559505387086951e+01
1.344559505387087484e+01
1.577067913526975396e+01
90.0 1
-1.590429431791825898e+01
1.341442215944869076e+01
-1.344559505387086951e+01
-1.577067913526975573e+01
1.577067913526975396e+01
-1.344559505387086951e+01
1.344559505387087484e+01
1.577067913526975396e+01
90.0 1
-1.590429431791825898e+01
1.341442215944869076e+01
-1.344559505387086951e+01
-1.577067913526975573e+01
1.577067913526975396e+01
-1.344559505387086951e+01
1.344559505387087484e+01
1.577067913526975396e+01
90.5 1
-1.603759109611443279e+01
1.338191469410099366e+01
-1.341442215944883998e+01
-1.590429431791815418e+01
1.590429431791815240e+01
-1.341442215944883998e+01
1.341442215944884531e+01
1.590429431791815240e+01
91.0 1
-1.617055614029164445e+01
1.334807590854707549e+01
-1.338191469410114465e+01
-1.603759109611432976e+01
1.603759109611432621e+01
-1.338191469410114465e+01
1.338191469410114998e+01
1.603759109611432621e+01
91.0 1
-1.617055614029164445e+01
1.334807590854707549e+01
-1.338191469410114465e+01
-1.603759109611432976e+01
1.603759109611432621e+01
-1.338191469410114465e+01
1.338191469410114998e+01
1.603759109611432621e+01
91.0 1
-1.617055614029164445e+01
1.334807590854707549e+01
-1.338191469410114465e+01
-1.603759109611432976e+01
1.603759109611432621e+01
-1.338191469410114465e+01
1.338191469410114998e+01
1.603759109611432621e+01
91.5 1
-1.630317615405627762e+01
1.331290918663729350e+01
-1.334807590854722825e+01
-1.617055614029154142e+01
1.617055614029153787e+01
-1.334807590854722825e+01
1.334807590854723358e+01
1.617055614029153787e+01
92.0 1
-1.643543787551747570e+01
1.327641804501453393e+01
-1.331290918663744804e+01
-1.630317615405617460e+01
1.630317615405617104e+01
-1.331290918663744804e+01
1.331290918663745337e+01
1.630317615405617104e+01
92.0 1
-1.643543787551747570e+01
1.327641804501453393e+01
-1.331290918663744804e+01
-1.630317615405617460e+01
1.630317615405617104e+01
-1.331290918663744804e+01
1.331290918663745337e+01
1.630317615405617104e+01
92.0 1
-1.643543787551747570e+01
1.327641804501453393e+01
-1.331290918663744804e+01
-1.630317615405617460e+01
1.630317615405617104e+01
-1.331290918663744804e+01
1.331290918663745337e+01
1.630317615405617104e+01
92.5 1
-1.656732807861330770e+01
1.323860613276254838e+01
-1.327641804501468847e+01
-1.643543787551737267e+01
1.643543787551736912e+01
-1.327641804501468847e+01
1.327641804501469380e+01
1.643543787551736912e+01
93.0 1
-1.669883357443337246e+01
1.319947723104105286e+01
-1.323860613276270470e+01
-1.656732807861320467e+01
1.656732807861320111e+01
-1.323860613276270470e+01
1.323860613276271003e+01
1.656732807861320111e+01
93.0 1
-1.669883357443337246e+01
1.319947723104105286e+01
-1.323860613276270470e+01
-1.656732807861320467e+01
1.656732807861320111e+01
-1.323860613276270470e+01
1.323860613276271003e+01
1.656732807861320111e+01
93.0 1
-1.669883357443337246e+01
1.319947723104105286e+01
-1.323860613276270470e+01
-1.656732807861320467e+01
1.656732807861320111e+01
-1.323860613276270470e+01
1.323860613276271003e+01
1.656732807861320111e+01
93.5 1
-1.682994121253767617e+01
1.315903525270761243e+01
-1.319947723104121096e+01
-1.669883357443326943e+01
1.669883357443326588e+01
-1.319947723104121096e+01
1.319947723104121629e+01
1.669883357443326588e+01
94.0 1
-1.696063788227166569e+01
1.311728424192635778e+01
-1.315903525270777230e+01
-1.682994121253757314e+01
1.682994121253756958e+01
-1.315903525270777230e+01
1.315903525270777763e+01
1.682994121253756958e+01
94.0 1
-1.696063788227166569e+01
1.311728424192635778e+01
-1.315903525270777230e+01
-1.682994121253757314e+01
1.682994121253756958e+01
-1.315903525270777230e+01
1.315903525270777763e+01
1.682994121253756958e+01
94.0 1
-1.696063788227166569e+01
1.311728424192635778e+01
-1.315903525270777230e+01
-1.682994121253757314e+01
1.682994121253756958e+01
-1.315903525270777230e+01
1.315903525270777763e+01
1.682994121253756958e+01
94.5 1
-1.709091051407727946e+01
1.307422837376357627e+01
-1.311728424192651943e+01
-1.696063788227156266e+01
1.696063788227155911e+01
-1.311728424192651943e+01
1.311728424192652476e+01
1.696063788227155911e+01
95.0 1
-1.722074608079989844e+01
1.302987195377020413e+01
-1.307422837376373970e+01
-1.709091051407717643e+01
1.709091051407717288e+01
-1.307422837376373970e+01
1.307422837376374503e+01
1.709091051407717288e+01
95.0 1
-1.722074608079989844e+01
1.302987195377020413e+01
-1.307422837376373970e+01
-1.709091051407717643e+01
1.709091051407717288e+01
-1.307422837376373970e+01
1.307422837376374503e+01
1.709091051407717288e+01
95.0 1
-1.722074608079989844e+01
1.302987195377020413e+01
-1.307422837376373970e+01
-1.709091051407717643e+01
1.709091051407717288e+01
-1.307422837376373970e+01
1.307422837376374503e+01
1.709091051407717288e+01
95.5 1
-1.735013159899104451e+01
1.298421941755127662e+01
-1.302987195377036755e+01
-1.722074608079979541e+01
1.722074608079979186e+01
-1.302987195377036755e+01
1.302987195377037288e+01
1.722074608079979186e+01
96.0 1
-1.747905413020671972e+01
1.293727533032237176e+01
-1.298421941755144005e+01
-1.735013159899094148e+01
1.735013159899093793e+01
-1.298421941755144005e+01
1.298421941755144537e+01
1.735013159899093793e+01
96.0 1
-1.747905413020671972e+01
1.293727533032237176e+01
-1.298421941755144005e+01
-1.735013159899094148e+01
1.735013159899093793e+01
-1.298421941755144005e+01
1.298421941755144537e+01
1.735013159899093793e+01
96.0 1
-1.747905413020671972e+01
1.293727533032237176e+01
-1.298421941755144005e+01
-1.735013159899094148e+01
1.735013159899093793e+01
-1.298421941755144005e+01
1.298421941755144537e+01
1.735013159899093793e+01
96.5 1
-1.760750078230123705e+01
1.288904438645309192e+01
-1.293727533032253696e+01
-1.747905413020661669e+01
1.747905413020661314e+01
-1.293727533032253696e+01
1.293727533032254229e+01
1.747905413020661314e+01
97.0 1
-1.773545871071642566e+01
1.283953140899763312e+01
-1.288904438645325889e+01
-1.760750078230113402e+01
1.760750078230113047e+01
-1.288904438645325889e+01
1.288904438645326422e+01
1.760750078230113047e+01
97.0 1
-1.773545871071642566e+01
1.283953140899763312e+01
-1.288904438645325889e+01
-1.760750078230113402e+01
1.760750078230113047e+01
-1.288904438645325889e+01
1.288904438645326422e+01
1.760750078230113047e+01
97.0 1
-1.773545871071642566e+01
1.283953140899763312e+01
-1.288904438645325889e+01
-1.760750078230113402e+01
1.760750078230113047e+01
-1.288904438645325889e+01
1.288904438645326422e+01
1.760750078230113047e+01
97.5 1
-1.786291511976607893e+01
1.278874134921247929e+01
-1.283953140899780188e+01
-1.773545871071632618e+01
1.773545871071632263e+01
-1.283953140899780188e+01
1.283953140899780720e+01
1.773545871071632263e+01
98.0 1
-1.798985726391549989e+01
1.273667928606128541e+01
-1.278874134921264982e+01
-1.786291511976597945e+01
1.786291511976597590e+01
-1.278874134921264982e+01
1.278874134921265515e+01
1.786291511976597590e+01
98.0 1
-1.798985726391549989e+01
1.273667928606128541e+01
-1.278874134921264982e+01
-1.786291511976597945e+01
1.786291511976597590e+01
-1.278874134921264982e+01
1.278874134921265515e+01
1.786291511976597590e+01
98.0 1
-1.798985726391549989e+01
1.273667928606128541e+01
-1.278874134921264982e+01
-1.786291511976597945e+01
1.786291511976597590e+01
-1.278874134921264982e+01
1.278874134921265515e+01
1.786291511976597590e+01
98.5 1
-1.811627244905606204e+01
1.268335042570697979e+01
-1.273667928606145594e+01
-1.798985726391540396e+01
1.798985726391540041e+01
-1.273667928606145594e+01
1.273667928606146127e+01
1.798985726391540041e+01
99.0 1
-1.824214803377459759e+01
1.262876010099115831e+01
-1.268335042570715210e+01
-1.811627244905596612e+01
1.811627244905596257e+01
-1.268335042570715210e+01
1.268335042570715743e+01
1.811627244905596257e+01
99.0 1
-1.824214803377459759e+01
1.262876010099115831e+01
-1.268335042570715210e+01
-1.811627244905596612e+01
1.811627244905596257e+01
-1.268335042570715210e+01
1.268335042570715743e+01
1.811627244905596257e+01
99.0 1
-1.824214803377459759e+01
1.262876010099115831e+01
-1.268335042570715210e+01
-1.811627244905596612e+01
1.811627244905596257e+01
-1.268335042570715210e+01
1.268335042570715743e+01
1.811627244905596257e+01
99.5 1
-1.836747143061752752e+01
1.257291377090080076e+01
-1.262876010099133239e+01
-1.824214803377450167e+01
1.824214803377449812e+01
-1.262876010099133239e+01
1.262876010099133772e+01
1.824214803377449812e+01
100.0 1
-1.849223010734960582e+01
1.251581702002237684e+01
-1.257291377090097662e+01
-1.836747143061743159e+01
1.836747143061742804e+01
-1.257291377090097662e+01
1.257291377090098194e+01
1.836747143061742804e+01
