3 
0
9.761335350589240845e-01
8.227508275950474737e-01
-8.227508275950474737e-01
9.761335350589270821e-01
-9.761335350589270821e-01
-8.227508275950474737e-01
8.227508275950474737e-01
-9.761335350589270821e-01
0.0
9.761335350589240845e-01
8.227508275950474737e-01
-8.227508275950474737e-01
9.761335350589270821e-01
-9.761335350589270821e-01
-8.227508275950474737e-01
8.227508275950474737e-01
-9.761335350589270821e-01
0.0
9.761335350589240845e-01
8.227508275950474737e-01
-8.227508275950474737e-01
9.761335350589270821e-01
-9.761335350589270821e-01
-8.227508275950474737e-01
8.227508275950474737e-01
-9.761335350589270821e-01
0.0
9.761335350589240845e-01
8.227508275950474737e-01
-8.227508275950474737e-01
9.761335350589270821e-01
-9.761335350589270821e-01
-8.227508275950474737e-01
8.227508275950474737e-01
-9.761335350589270821e-01
0.1
9.761335350589240845e-01
8.227508275950474737e-01
-8.227508275950474737e-01
9.761335350589270821e-01
-9.761335350589270821e-01
-8.227508275950474737e-01
8.227508275950474737e-01
-9.761335350589270821e-01
0.2
9.761335350589240845e-01
8.227508275950474737e-01
-8.227508275950474737e-01
9.761335350589270821e-01
-9.761335350589270821e-01
-8.227508275950474737e-01
8.227508275950474737e-01
-9.761335350589270821e-01
0.30000000000000004
9.761335350589240845e-01
8.227508275950474737e-01
-8.227508275950474737e-01
9.761335350589270821e-01
-9.761335350589270821e-01
-8.227508275950474737e-01
8.227508275950474737e-01
-9.761335350589270821e-01
0.4
9.761335350589240845e-01
8.227508275950474737e-01
-8.227508275950474737e-01
9.761335350589270821e-01
-9.761335350589270821e-01
-8.227508275950474737e-01
8.227508275950474737e-01
-9.761335350589270821e-01
0.5
9.761335350589240845e-01
8.227508275950474737e-01
-8.227508275950474737e-01
9.761335350589270821e-01
-9.761335350589270821e-01
-8.227508275950474737e-01
8.227508275950474737e-01
-9.761335350589270821e-01
0.5
9.761335350589240845e-01
8.227508275950474737e-01
-8.227508275950474737e-01
9.761335350589270821e-01
-9.761335350589270821e-01
-8.227508275950474737e-01
8.227508275950474737e-01
-9.761335350589270821e-01
0.5
9.761335350589240845e-01
8.227508275950474737e-01
-8.227508275950474737e-01
9.761335350589270821e-01
-9.761335350589270821e-01
-8.227508275950474737e-01
8.227508275950474737e-01
-9.761335350589270821e-01
0.6
9.761335350589240845e-01
8.227508275950474737e-01
-8.227508275950474737e-01
9.761335350589270821e-01
-9.761335350589270821e-01
-8.227508275950474737e-01
8.227508275950474737e-01
-9.761335350589270821e-01
0.7
9.761335350589240845e-01
8.227508275950474737e-01
-8.227508275950474737e-01
9.761335350589270821e-01
-9.761335350589270821e-01
-8.227508275950474737e-01
8.227508275950474737e-01
-9.761335350589270821e-01
0.7999999999999999
9.761335350589240845e-01
8.227508275950474737e-01
-8.227508275950474737e-01
9.761335350589270821e-01
-9.761335350589270821e-01
-8.227508275950474737e-01
8.227508275950474737e-01
-9.761335350589270821e-01
0.8999999999999999
9.761335350589240845e-01
8.227508275950474737e-01
-8.227508275950474737e-01
9.761335350589270821e-01
-9.761335350589270821e-01
-8.227508275950474737e-01
8.227508275950474737e-01
-9.761335350589270821e-01
0.9999999999999999
9.761335350589240845e-01
8.227508275950474737e-01
-8.227508275950474737e-01
9.761335350589270821e-01
-9.761335350589270821e-01
-8.227508275950474737e-01
8.227508275950474737e-01
-9.761335350589270821e-01
1.0
9.761335350589240845e-01
8.227508275950474737e-01
-8.227508275950474737e-01
9.761335350589270821e-01
-9.761335350589270821e-01
-8.227508275950474737e-01
8.227508275950474737e-01
-9.761335350589270821e-01
1.0
9.761335350589240845e-01
8.227508275950474737e-01
-8.227508275950474737e-01
9.761335350589270821e-01
-9.761335350589270821e-01
-8.227508275950474737e-01
8.227508275950474737e-01
-9.761335350589270821e-01
1.0999999999999999
9.761335350589240845e-01
8.227508275950474737e-01
-8.227508275950474737e-01
9.761335350589270821e-01
-9.761335350589270821e-01
-8.227508275950474737e-01
8.227508275950474737e-01
-9.761335350589270821e-01
1.2
9.761335350589240845e-01
8.227508275950474737e-01
-8.227508275950474737e-01
9.761335350589270821e-01
-9.761335350589270821e-01
-8.227508275950474737e-01
8.227508275950474737e-01
-9.761335350589270821e-01
1.3
9.761335350589240845e-01
8.227508275950474737e-01
-8.227508275950474737e-01
9.761335350589270821e-01
-9.761335350589270821e-01
-8.227508275950474737e-01
8.227508275950474737e-01
-9.761335350589270821e-01
1.4000000000000001
9.761335350589240845e-01
8.227508275950474737e-01
-8.227508275950474737e-01
9.761335350589270821e-01
-9.761335350589270821e-01
-8.227508275950474737e-01
8.227508275950474737e-01
-9.761335350589270821e-01
1.5
9.761335350589240845e-01
8.227508275950474737e-01
-8.227508275950474737e-01
9.761335350589270821e-01
-9.761335350589270821e-01
-8.227508275950474737e-01
8.227508275950474737e-01
-9.761335350589270821e-01
1.5
9.761335350589240845e-01
8.227508275950474737e-01
-8.227508275950474737e-01
9.761335350589270821e-01
-9.761335350589270821e-01
-8.227508275950474737e-01
8.227508275950474737e-01
-9.761335350589270821e-01
1.5000000000000002
9.761335350589240845e-01
8.227508275950474737e-01
-8.227508275950474737e-01
9.761335350589270821e-01
-9.761335350589270821e-01
-8.227508275950474737e-01
8.227508275950474737e-01
-9.761335350589270821e-01
1.6000000000000003
9.761335350589240845e-01
8.227508275950474737e-01
-8.227508275950474737e-01
9.761335350589270821e-01
-9.761335350589270821e-01
-8.227508275950474737e-01
8.227508275950474737e-01
-9.761335350589270821e-01
1.7000000000000004
9.761335350589240845e-01
8.227508275950474737e-01
-8.227508275950474737e-01
9.761335350589270821e-01
-9.761335350589270821e-01
-8.227508275950474737e-01
8.227508275950474737e-01
-9.761335350589270821e-01
1.8000000000000005
9.761335350589240845e-01
8.227508275950474737e-01
-8.227508275950474737e-01
9.761335350589270821e-01
-9.761335350589270821e-01
-8.227508275950474737e-01
8.227508275950474737e-01
-9.761335350589270821e-01
1.9000000000000006
9.761335350589240845e-01
8.227508275950474737e-01
-8.227508275950474737e-01
9.761335350589270821e-01
-9.761335350589270821e-01
-8.227508275950474737e-01
8.227508275950474737e-01
-9.761335350589270821e-01
2.0
9.761335350589240845e-01
8.227508275950474737e-01
-8.227508275950474737e-01
9.761335350589270821e-01
-9.761335350589270821e-01
-8.227508275950474737e-01
8.227508275950474737e-01
-9.761335350589270821e-01
2.0
9.761335350589240845e-01
8.227508275950474737e-01
-8.227508275950474737e-01
9.761335350589270821e-01
-9.761335350589270821e-01
-8.227508275950474737e-01
8.227508275950474737e-01
-9.761335350589270821e-01
2.0000000000000004
9.761335350589240845e-01
8.227508275950474737e-01
-8.227508275950474737e-01
9.761335350589270821e-01
-9.761335350589270821e-01
-8.227508275950474737e-01
8.227508275950474737e-01
-9.761335350589270821e-01
2.1000000000000005
9.761335350589240845e-01
8.227508275950474737e-01
-8.227508275950474737e-01
9.761335350589270821e-01
-9.761335350589270821e-01
-8.227508275950474737e-01
8.227508275950474737e-01
-9.761335350589270821e-01
2.2000000000000006
9.761335350589240845e-01
8.227508275950474737e-01
-8.227508275950474737e-01
9.761335350589270821e-01
-9.761335350589270821e-01
-8.227508275950474737e-01
8.227508275950474737e-01
-9.761335350589270821e-01
2.3000000000000007
9.761335350589240845e-01
8.227508275950474737e-01
-8.227508275950474737e-01
9.761335350589270821e-01
-9.761335350589270821e-01
-8.227508275950474737e-01
8.227508275950474737e-01
-9.761335350589270821e-01
2.400000000000001
9.761335350589240845e-01
8.227508275950474737e-01
-8.227508275950474737e-01
9.761335350589270821e-01
-9.761335350589270821e-01
-8.227508275950474737e-01
8.227508275950474737e-01
-9.761335350589270821e-01
2.5
9.761335350589240845e-01
8.227508275950474737e-01
-8.227508275950474737e-01
9.761335350589270821e-01
-9.761335350589270821e-01
-8.227508275950474737e-01
8.227508275950474737e-01
-9.761335350589270821e-01
2.5
9.761335350589240845e-01
8.227508275950474737e-01
-8.227508275950474737e-01
9.761335350589270821e-01
-9.761335350589270821e-01
-8.227508275950474737e-01
8.227508275950474737e-01
-9.761335350589270821e-01
2.500000000000001
9.761335350589240845e-01
8.227508275950474737e-01
-8.227508275950474737e-01
9.761335350589270821e-01
-9.761335350589270821e-01
-8.227508275950474737e-01
8.227508275950474737e-01
-9.761335350589270821e-01
2.600000000000001
9.761335350589240845e-01
8.227508275950474737e-01
-8.227508275950474737e-01
9.761335350589270821e-01
-9.761335350589270821e-01
-8.227508275950474737e-01
8.227508275950474737e-01
-9.761335350589270821e-01
2.700000000000001
9.761335350589240845e-01
8.227508275950474737e-01
-8.227508275950474737e-01
9.761335350589270821e-01
-9.761335350589270821e-01
-8.227508275950474737e-01
8.227508275950474737e-01
-9.761335350589270821e-01
2.800000000000001
9.761335350589240845e-01
8.227508275950474737e-01
-8.227508275950474737e-01
9.761335350589270821e-01
-9.761335350589270821e-01
-8.227508275950474737e-01
8.227508275950474737e-01
-9.761335350589270821e-01
2.9000000000000012
9.761335350589240845e-01
8.227508275950474737e-01
-8.227508275950474737e-01
9.761335350589270821e-01
-9.761335350589270821e-01
-8.227508275950474737e-01
8.227508275950474737e-01
-9.761335350589270821e-01
3.0
9.761335350589240845e-01
8.227508275950474737e-01
-8.227508275950474737e-01
9.761335350589270821e-01
-9.761335350589270821e-01
-8.227508275950474737e-01
8.227508275950474737e-01
-9.761335350589270821e-01
3.0
9.761335350589240845e-01
8.227508275950474737e-01
-8.227508275950474737e-01
9.761335350589270821e-01
-9.761335350589270821e-01
-8.227508275950474737e-01
8.227508275950474737e-01
-9.761335350589270821e-01
