0
9.761335350589240845e-01
8.227508275950474737e-01
-8.227508275950474737e-01
9.761335350589270821e-01
-9.761335350589270821e-01
-8.227508275950474737e-01
8.227508275950474737e-01
-9.761335350589270821e-01
0.0
9.999436355037020219e-01
2.818221057266031074e-02
2.500000000000000139e-02
1.000000000000000000e+00
-9.749999999999999778e-01
0.000000000000000000e+00
2.500000000000000139e-02
-1.000000000000000000e+00
0.0
1.127878986829180530e+00
4.335744240985768549e-02
2.500000000000000139e-02
1.000000000000000000e+00
-9.749999999999999778e-01
0.000000000000000000e+00
2.500000000000000139e-02
-1.000000000000000000e+00
0.0
1.118579698106693332e+00
1.816245746552536400e-01
-1.052441635965635225e-01
9.992500074999706161e-01
-9.794969210802174642e-01
-1.249972500163166189e-01
1.447503364360697153e-01
-9.992500074999706161e-01
0.1
1.118579698106693332e+00
1.816245746552536400e-01
-1.052441635965635225e-01
9.992500074999706161e-01
-9.794969210802174642e-01
-1.249972500163166189e-01
1.447503364360697153e-01
-9.992500074999706161e-01
0.2
1.118579698106693332e+00
1.816245746552536400e-01
-1.052441635965635225e-01
9.992500074999706161e-01
-9.794969210802174642e-01
-1.249972500163166189e-01
1.447503364360697153e-01
-9.992500074999706161e-01
0.30000000000000004
1.118579698106693332e+00
1.816245746552536400e-01
-1.052441635965635225e-01
9.992500074999706161e-01
-9.794969210802174642e-01
-1.249972500163166189e-01
1.447503364360697153e-01
-9.992500074999706161e-01
0.4
1.118579698106693332e+00
1.816245746552536400e-01
-1.052441635965635225e-01
9.992500074999706161e-01
-9.794969210802174642e-01
-1.249972500163166189e-01
1.447503364360697153e-01
-9.992500074999706161e-01
0.5
1.118579698106693332e+00
1.816245746552536400e-01
-1.052441635965635225e-01
9.992500074999706161e-01
-9.794969210802174642e-01
-1.249972500163166189e-01
1.447503364360697153e-01
-9.992500074999706161e-01
0.5
1.142776438766269109e+00
1.947494408871087435e-01
-1.052441635965635225e-01
9.992500074999706161e-01
-9.794969210802174642e-01
-1.249972500163166189e-01
1.447503364360697153e-01
-9.992500074999706161e-01
0.5
1.138064691447305377e+00
3.284516943877445749e-01
-2.565540880608438989e-01
1.034762115511182801e+00
-9.775489192051761700e-01
-2.447904441325539915e-01
2.645435305523070602e-01
-9.973020056249293219e-01
0.6
1.138064691447305377e+00
3.284516943877445749e-01
-2.565540880608438989e-01
1.034762115511182801e+00
-9.775489192051761700e-01
-2.447904441325539915e-01
2.645435305523070602e-01
-9.973020056249293219e-01
0.7
1.138064691447305377e+00
3.284516943877445749e-01
-2.565540880608438989e-01
1.034762115511182801e+00
-9.775489192051761700e-01
-2.447904441325539915e-01
2.645435305523070602e-01
-9.973020056249293219e-01
0.7999999999999999
1.138064691447305377e+00
3.284516943877445749e-01
-2.565540880608438989e-01
1.034762115511182801e+00
-9.775489192051761700e-01
-2.447904441325539915e-01
2.645435305523070602e-01
-9.973020056249293219e-01
0.8999999999999999
1.138064691447305377e+00
3.284516943877445749e-01
-2.565540880608438989e-01
1.034762115511182801e+00
-9.775489192051761700e-01
-2.447904441325539915e-01
2.645435305523070602e-01
-9.973020056249293219e-01
0.9999999999999999
1.138064691447305377e+00
3.284516943877445749e-01
-2.565540880608438989e-01
1.034762115511182801e+00
-9.775489192051761700e-01
-2.447904441325539915e-01
2.645435305523070602e-01
-9.973020056249293219e-01
1.0
1.146424390109044289e+00
3.431915355703035742e-01
-2.554017783326644753e-01
1.037157100452870573e+00
-9.775489192051761700e-01
-2.447904441325539915e-01
2.645435305523070602e-01
-9.973020056249293219e-01
1.0
1.142254082652133240e+00
4.519393510104326439e-01
-3.917412870375038825e-01
1.053653442595541501e+00
-1.002350683125866837e+00
-3.456531171975329442e-01
3.698898195437054226e-01
-1.000654449267308177e+00
1.0999999999999999
1.142254082652133240e+00
4.519393510104326439e-01
-3.917412870375038825e-01
1.053653442595541501e+00
-1.002350683125866837e+00
-3.456531171975329442e-01
3.698898195437054226e-01
-1.000654449267308177e+00
1.2
1.142254082652133240e+00
4.519393510104326439e-01
-3.917412870375038825e-01
1.053653442595541501e+00
-1.002350683125866837e+00
-3.456531171975329442e-01
3.698898195437054226e-01
-1.000654449267308177e+00
1.3
1.142254082652133240e+00
4.519393510104326439e-01
-3.917412870375038825e-01
1.053653442595541501e+00
-1.002350683125866837e+00
-3.456531171975329442e-01
3.698898195437054226e-01
-1.000654449267308177e+00
1.4000000000000001
1.142254082652133240e+00
4.519393510104326439e-01
-3.917412870375038825e-01
1.053653442595541501e+00
-1.002350683125866837e+00
-3.456531171975329442e-01
3.698898195437054226e-01
-1.000654449267308177e+00
1.5
1.145030516530636922e+00
4.652145328137999303e-01
-3.912792740397955660e-01
1.057360628049552664e+00
-1.002350683125866837e+00
-3.456531171975329442e-01
3.698898195437054226e-01
-1.000654449267308177e+00
1.5
1.138927860279951298e+00
6.028247454990472987e-01
-5.420984183621787578e-01
1.062330364435029040e+00
-1.040047756704869597e+00
-4.873546626242968305e-01
5.004510026838563386e-01
-1.005244116616127670e+00
1.5000000000000002
1.138927860279951298e+00
6.028247454990472987e-01
-5.420984183621787578e-01
1.062330364435029040e+00
-1.040047756704869597e+00
-4.873546626242968305e-01
5.004510026838563386e-01
-1.005244116616127670e+00
1.6000000000000003
1.138927860279951298e+00
6.028247454990472987e-01
-5.420984183621787578e-01
1.062330364435029040e+00
-1.040047756704869597e+00
-4.873546626242968305e-01
5.004510026838563386e-01
-1.005244116616127670e+00
1.7000000000000004
1.138927860279951298e+00
6.028247454990472987e-01
-5.420984183621787578e-01
1.062330364435029040e+00
-1.040047756704869597e+00
-4.873546626242968305e-01
5.004510026838563386e-01
-1.005244116616127670e+00
1.8000000000000005
1.138927860279951298e+00
6.028247454990472987e-01
-5.420984183621787578e-01
1.062330364435029040e+00
-1.040047756704869597e+00
-4.873546626242968305e-01
5.004510026838563386e-01
-1.005244116616127670e+00
1.9000000000000006
1.138927860279951298e+00
6.028247454990472987e-01
-5.420984183621787578e-01
1.062330364435029040e+00
-1.040047756704869597e+00
-4.873546626242968305e-01
5.004510026838563386e-01
-1.005244116616127670e+00
2.0
1.138302156124371356e+00
6.158213462533059790e-01
-5.426836280399028878e-01
1.066898629742260463e+00
-1.040047756704869597e+00
-4.873546626242968305e-01
5.004510026838563386e-01
-1.005244116616127670e+00
2.0
1.130990739155571134e+00
7.538363619474170996e-01
-6.893165327645442986e-01
1.063669545671732442e+00
-1.069447199690936490e+00
-6.355491315758567961e-01
6.304013510861981029e-01
-1.011962647832234774e+00
2.0000000000000004
1.130990739155571134e+00
7.538363619474170996e-01
-6.893165327645442986e-01
1.063669545671732442e+00
-1.069447199690936490e+00
-6.355491315758567961e-01
6.304013510861981029e-01
-1.011962647832234774e+00
2.1000000000000005
1.130990739155571134e+00
7.538363619474170996e-01
-6.893165327645442986e-01
1.063669545671732442e+00
-1.069447199690936490e+00
-6.355491315758567961e-01
6.304013510861981029e-01
-1.011962647832234774e+00
2.2000000000000006
1.130990739155571134e+00
7.538363619474170996e-01
-6.893165327645442986e-01
1.063669545671732442e+00
-1.069447199690936490e+00
-6.355491315758567961e-01
6.304013510861981029e-01
-1.011962647832234774e+00
2.3000000000000007
1.130990739155571134e+00
7.538363619474170996e-01
-6.893165327645442986e-01
1.063669545671732442e+00
-1.069447199690936490e+00
-6.355491315758567961e-01
6.304013510861981029e-01
-1.011962647832234774e+00
2.400000000000001
1.130990739155571134e+00
7.538363619474170996e-01
-6.893165327645442986e-01
1.063669545671732442e+00
-1.069447199690936490e+00
-6.355491315758567961e-01
6.304013510861981029e-01
-1.011962647832234774e+00
2.5
1.128212425324815804e+00
7.660990478443896468e-01
-6.907632612843014330e-01
1.068373217723803892e+00
-1.069447199690936490e+00
-6.355491315758567961e-01
6.304013510861981029e-01
-1.011962647832234774e+00
2.5
1.119758418618398199e+00
9.042783421669698951e-01
-8.347009367658851930e-01
1.059743206295438833e+00
-1.087948697089953010e+00
-7.870139754864068360e-01
7.606016618267539275e-01
-1.018534926591110557e+00
2.500000000000001
1.119758418618398199e+00
9.042783421669698951e-01
-8.347009367658851930e-01
1.059743206295438833e+00
-1.087948697089953010e+00
-7.870139754864068360e-01
7.606016618267539275e-01
-1.018534926591110557e+00
2.600000000000001
1.119758418618398199e+00
9.042783421669698951e-01
-8.347009367658851930e-01
1.059743206295438833e+00
-1.087948697089953010e+00
-7.870139754864068360e-01
7.606016618267539275e-01
-1.018534926591110557e+00
2.700000000000001
1.119758418618398199e+00
9.042783421669698951e-01
-8.347009367658851930e-01
1.059743206295438833e+00
-1.087948697089953010e+00
-7.870139754864068360e-01
7.606016618267539275e-01
-1.018534926591110557e+00
2.800000000000001
1.119758418618398199e+00
9.042783421669698951e-01
-8.347009367658851930e-01
1.059743206295438833e+00
-1.087948697089953010e+00
-7.870139754864068360e-01
7.606016618267539275e-01
-1.018534926591110557e+00
2.9000000000000012
1.119758418618398199e+00
9.042783421669698951e-01
-8.347009367658851930e-01
1.059743206295438833e+00
-1.087948697089953010e+00
-7.870139754864068360e-01
7.606016618267539275e-01
-1.018534926591110557e+00
3.0
1.115512116819605382e+00
9.155647505654858076e-01
-8.368279916775482885e-01
1.064282824666775928e+00
-1.087948697089953010e+00
-7.870139754864068360e-01
7.606016618267539275e-01
-1.018534926591110557e+00
3.0
1.115185746966022906e+00
9.132062217402316939e-01
-8.538404949885689543e-01
1.059793264999395968e+00
-1.104460170844058453e+00
-8.145632871975080347e-01
7.679209303962818423e-01
-1.030828175144445469e+00
