0 1ini
1.000000000000000000e+00
0.000000000000000000e+00
0.000000000000000000e+00
1.000000000000000000e+00
-1.000000000000000000e+00
0.000000000000000000e+00
0.000000000000000000e+00
-1.000000000000000000e+00
0.0 1propagation
1.037612045565546204e+00
1.639903141342312631e+00
-1.427563844427066631e+00
1.007775688778630663e+00
-1.053677180609570829e+00
-1.499940460135543496e+00
1.430185191114151877e+00
-1.010749638033489939e+00
0.0 1landmark observation
1.037612045565546204e+00
1.639903141342312631e+00
-1.427563844427066631e+00
1.007775688778630663e+00
-1.053677180609570829e+00
-1.499940460135543496e+00
1.430185191114151877e+00
-1.010749638033489939e+00
0.0 1communication
1.037612045565546204e+00
1.639903141342312631e+00
-1.427563844427066631e+00
1.007775688778630663e+00
-1.053677180609570829e+00
-1.499940460135543496e+00
1.430185191114151877e+00
-1.010749638033489939e+00
0.5 1propagation
1.037612045565546204e+00
1.639903141342312631e+00
-1.427563844427066631e+00
1.007775688778630663e+00
-1.053677180609570829e+00
-1.499940460135543496e+00
1.430185191114151877e+00
-1.010749638033489939e+00
1.0 1propagation
1.037612045565546204e+00
1.639903141342312631e+00
-1.427563844427066631e+00
1.007775688778630663e+00
-1.053677180609570829e+00
-1.499940460135543496e+00
1.430185191114151877e+00
-1.010749638033489939e+00
1.0 1landmark observation
1.037612045565546204e+00
1.639903141342312631e+00
-1.427563844427066631e+00
1.007775688778630663e+00
-1.053677180609570829e+00
-1.499940460135543496e+00
1.430185191114151877e+00
-1.010749638033489939e+00
1.0 1communication
1.037612045565546204e+00
1.639903141342312631e+00
-1.427563844427066631e+00
1.007775688778630663e+00
-1.053677180609570829e+00
-1.499940460135543496e+00
1.430185191114151877e+00
-1.010749638033489939e+00
1.5 1propagation
1.037612045565546204e+00
1.639903141342312631e+00
-1.427563844427066631e+00
1.007775688778630663e+00
-1.053677180609570829e+00
-1.499940460135543496e+00
1.430185191114151877e+00
-1.010749638033489939e+00
2.0 1propagation
1.037612045565546204e+00
1.639903141342312631e+00
-1.427563844427066631e+00
1.007775688778630663e+00
-1.053677180609570829e+00
-1.499940460135543496e+00
1.430185191114151877e+00
-1.010749638033489939e+00
2.0 1landmark observation
1.037612045565546204e+00
1.639903141342312631e+00
-1.427563844427066631e+00
1.007775688778630663e+00
-1.053677180609570829e+00
-1.499940460135543496e+00
1.430185191114151877e+00
-1.010749638033489939e+00
2.0 1communication
1.037612045565546204e+00
1.639903141342312631e+00
-1.427563844427066631e+00
1.007775688778630663e+00
-1.053677180609570829e+00
-1.499940460135543496e+00
1.430185191114151877e+00
-1.010749638033489939e+00
2.5 1propagation
1.037612045565546204e+00
1.639903141342312631e+00
-1.427563844427066631e+00
1.007775688778630663e+00
-1.053677180609570829e+00
-1.499940460135543496e+00
1.430185191114151877e+00
-1.010749638033489939e+00
3.0 1propagation
1.037612045565546204e+00
1.639903141342312631e+00
-1.427563844427066631e+00
1.007775688778630663e+00
-1.053677180609570829e+00
-1.499940460135543496e+00
1.430185191114151877e+00
-1.010749638033489939e+00
3.0 1landmark observation
1.037612045565546204e+00
1.639903141342312631e+00
-1.427563844427066631e+00
1.007775688778630663e+00
-1.053677180609570829e+00
-1.499940460135543496e+00
1.430185191114151877e+00
-1.010749638033489939e+00
3.0 1communication
1.037612045565546204e+00
1.639903141342312631e+00
-1.427563844427066631e+00
1.007775688778630663e+00
-1.053677180609570829e+00
-1.499940460135543496e+00
1.430185191114151877e+00
-1.010749638033489939e+00
3.5 1propagation
1.037612045565546204e+00
1.639903141342312631e+00
-1.427563844427066631e+00
1.007775688778630663e+00
-1.053677180609570829e+00
-1.499940460135543496e+00
1.430185191114151877e+00
-1.010749638033489939e+00
4.0 1propagation
1.037612045565546204e+00
1.639903141342312631e+00
-1.427563844427066631e+00
1.007775688778630663e+00
-1.053677180609570829e+00
-1.499940460135543496e+00
1.430185191114151877e+00
-1.010749638033489939e+00
4.0 1landmark observation
1.037612045565546204e+00
1.639903141342312631e+00
-1.427563844427066631e+00
1.007775688778630663e+00
-1.053677180609570829e+00
-1.499940460135543496e+00
1.430185191114151877e+00
-1.010749638033489939e+00
4.0 1communication
1.037612045565546204e+00
1.639903141342312631e+00
-1.427563844427066631e+00
1.007775688778630663e+00
-1.053677180609570829e+00
-1.499940460135543496e+00
1.430185191114151877e+00
-1.010749638033489939e+00
4.5 1propagation
1.037612045565546204e+00
1.639903141342312631e+00
-1.427563844427066631e+00
1.007775688778630663e+00
-1.053677180609570829e+00
-1.499940460135543496e+00
1.430185191114151877e+00
-1.010749638033489939e+00
5.0 1propagation
1.037612045565546204e+00
1.639903141342312631e+00
-1.427563844427066631e+00
1.007775688778630663e+00
-1.053677180609570829e+00
-1.499940460135543496e+00
1.430185191114151877e+00
-1.010749638033489939e+00
