0 1
1.000000000000000000e+00
0.000000000000000000e+00
0.000000000000000000e+00
1.000000000000000000e+00
-1.000000000000000000e+00
0.000000000000000000e+00
0.000000000000000000e+00
-1.000000000000000000e+00
0.0 1
1.000000000000000000e+00
1.372033759818311882e-01
0.000000000000000000e+00
1.000000000000000000e+00
-1.000000000000000000e+00
0.000000000000000000e+00
0.000000000000000000e+00
-1.000000000000000000e+00
0.0 1
1.000000000000000000e+00
1.372033759818311882e-01
0.000000000000000000e+00
1.000000000000000000e+00
-1.000000000000000000e+00
0.000000000000000000e+00
0.000000000000000000e+00
-1.000000000000000000e+00
0.0 1
1.000000000000000000e+00
1.372033759818311882e-01
0.000000000000000000e+00
1.000000000000000000e+00
-1.000000000000000000e+00
0.000000000000000000e+00
0.000000000000000000e+00
-1.000000000000000000e+00
0.5 1
9.986279891072966652e-01
2.743998918520311747e-01
-1.372033759818311882e-01
1.000000000000000000e+00
-1.000000000000000000e+00
-1.372033759818311882e-01
1.372033759818311882e-01
-1.000000000000000000e+00
1.0 1
9.958841045218359556e-01
4.115758280733429753e-01
-2.743998918520311747e-01
9.986279891072967763e-01
-9.986279891072967763e-01
-2.743998918520311747e-01
2.743998918520311747e-01
-9.986279891072967763e-01
1.0 1
9.958841045218359556e-01
4.115758280733429753e-01
-2.743998918520311747e-01
9.986279891072967763e-01
-9.986279891072967763e-01
-2.743998918520311747e-01
2.743998918520311747e-01
-9.986279891072967763e-01
1.0 1
9.958841045218359556e-01
4.115758280733429753e-01
-2.743998918520311747e-01
9.986279891072967763e-01
-9.986279891072967763e-01
-2.743998918520311747e-01
2.743998918520311747e-01
-9.986279891072967763e-01
1.5 1
9.917686206297898766e-01
5.487174671664574177e-01
-4.115758280733429753e-01
9.958841045218361776e-01
-9.958841045218361776e-01
-4.115758280733429753e-01
4.115758280733429753e-01
-9.958841045218361776e-01
2.0 1
9.862819489761179836e-01
6.858110950817494222e-01
-5.487174671664574177e-01
9.917686206297902096e-01
-9.917686206297902096e-01
-5.487174671664574177e-01
5.487174671664574177e-01
-9.917686206297902096e-01
2.0 1
9.862819489761179836e-01
6.858110950817494222e-01
-5.487174671664574177e-01
9.917686206297902096e-01
-9.917686206297902096e-01
-5.487174671664574177e-01
5.487174671664574177e-01
-9.917686206297902096e-01
2.0 1
9.862819489761179836e-01
6.858110950817494222e-01
-5.487174671664574177e-01
9.917686206297902096e-01
-9.917686206297902096e-01
-5.487174671664574177e-01
5.487174671664574177e-01
-9.917686206297902096e-01
2.5 1
9.794246382234135240e-01
8.228430025706717776e-01
-6.858110950817494222e-01
9.862819489761184277e-01
-9.862819489761185388e-01
-6.858110950817494222e-01
6.858110950817494222e-01
-9.862819489761185388e-01
3.0 1
9.711973740970373248e-01
9.597994865566684686e-01
-8.228430025706717776e-01
9.794246382234140791e-01
-9.794246382234143011e-01
-8.228430025706717776e-01
8.228430025706717776e-01
-9.794246382234143011e-01
3.0 1
9.711973740970373248e-01
9.597994865566684686e-01
-8.228430025706717776e-01
9.794246382234140791e-01
-9.794246382234143011e-01
-8.228430025706717776e-01
8.228430025706717776e-01
-9.794246382234143011e-01
3.0 1
9.711973740970373248e-01
9.597994865566684686e-01
-8.228430025706717776e-01
9.794246382234140791e-01
-9.794246382234143011e-01
-8.228430025706717776e-01
8.228430025706717776e-01
-9.794246382234143011e-01
3.5 1
9.616009793165459785e-01
1.096666851505470941e+00
-9.597994865566685796e-01
9.711973740970381019e-01
-9.711973740970383240e-01
-9.597994865566685796e-01
9.597994865566685796e-01
-9.711973740970383240e-01
4.0 1
9.506364135134206528e-01
1.233431410794640026e+00
-1.096666851505471163e+00
9.616009793165469777e-01
-9.616009793165471997e-01
-1.096666851505471163e+00
1.096666851505471163e+00
-9.616009793165471997e-01
4.0 1
9.506364135134206528e-01
1.233431410794640026e+00
-1.096666851505471163e+00
9.616009793165469777e-01
-9.616009793165471997e-01
-1.096666851505471163e+00
1.096666851505471163e+00
-9.616009793165471997e-01
4.0 1
9.506364135134206528e-01
1.233431410794640026e+00
-1.096666851505471163e+00
9.616009793165469777e-01
-9.616009793165471997e-01
-1.096666851505471163e+00
1.096666851505471163e+00
-9.616009793165471997e-01
4.5 1
9.383047731351044085e-01
1.370079488082216912e+00
-1.233431410794640248e+00
9.506364135134218740e-01
-9.506364135134220961e-01
-1.233431410794640248e+00
1.233431410794640248e+00
-9.506364135134220961e-01
5.0 1
9.246072913353587941e-01
1.506597418674346045e+00
-1.370079488082217356e+00
9.383047731351059628e-01
-9.383047731351061849e-01
-1.370079488082217356e+00
1.370079488082217356e+00
-9.383047731351061849e-01
